Force  Lifetime  Lnp  Force  Lifetime  Lnp  Force  Lifetime  Lnp  Force  Lifetime  Lnp  Force  Lifetime  Lnp  Force  Lifetime  Lnp  Force  Lifetime  Lnp  Force  Lifetime  Lnp  Force  Lifetime  Lnp  
4.581000	0.011000	2.772589	0.000000	7.468000	0.011000	4.248495	0.000000	14.502000	0.010000	4.927254	0.000000	22.307000	0.011000	4.442651	0.000000	24.626000	0.014000	3.737670	0.000000	29.762000	0.041000	1.945910	0.000000
1.712000	0.012000	2.708050	-0.064539	6.992000	0.012000	4.234107	-0.014389	15.957000	0.010000	4.919981	-0.007273	22.405000	0.011000	4.430817	-0.011834	24.629000	0.014000	3.713572	-0.024098	31.960000	0.046000	1.791759	-0.154151
3.722000	0.012000	2.639057	-0.133531	10.761000	0.012000	4.219508	-0.028988	16.241000	0.010000	4.912655	-0.014599	18.168000	0.013000	4.418841	-0.023811	28.519000	0.016000	3.688879	-0.048790	30.487000	0.049000	1.609438	-0.336472
4.303000	0.012000	2.564949	-0.207639	12.085000	0.012000	4.204693	-0.043803	16.583000	0.010000	4.905275	-0.021979	18.665000	0.014000	4.406719	-0.035932	27.625000	0.018000	3.663562	-0.074108	30.979000	0.054000	1.386294	-0.559616
5.733000	0.012000	2.484907	-0.287682	9.147000	0.014000	4.189655	-0.058841	17.184000	0.010000	4.897840	-0.029414	19.886000	0.014000	4.394449	-0.048202	26.181000	0.020000	3.637586	-0.100083	32.339000	0.060000	1.098612	-0.847298
4.965000	0.014000	2.397895	-0.374693	8.944000	0.016000	4.174387	-0.074108	14.186000	0.011000	4.890349	-0.036905	19.200000	0.017000	4.382027	-0.060625	27.521000	0.022000	3.610918	-0.126752	29.730000	0.130000	0.693147	-1.252763
6.000000	0.017000	2.302585	-0.470004	11.876000	0.016000	4.158883	-0.089612	12.838000	0.012000	4.882802	-0.044452	21.718000	0.017000	4.369448	-0.073203	25.045000	0.023000	3.583519	-0.154151	31.948000	0.848000	0.000000	-1.945910
4.458000	0.023000	2.197225	-0.575364	8.207000	0.017000	4.143135	-0.105361	15.351000	0.012000	4.875197	-0.052056	19.017000	0.020000	4.356709	-0.085942	24.730000	0.024000	3.555348	-0.182322	0.000000	0.000000	0.000000	0.000000
2.430000	0.024000	2.079442	-0.693147	6.590000	0.018000	4.127134	-0.121361	15.902000	0.012000	4.867534	-0.059719	19.493000	0.020000	4.343805	-0.098846	26.335000	0.025000	3.526361	-0.211309	0.000000	0.000000	0.000000	0.000000
6.082000	0.042000	1.945910	-0.826679	8.211000	0.018000	4.110874	-0.137621	14.895000	0.013000	4.859812	-0.067441	20.743000	0.020000	4.330733	-0.111918	29.035000	0.027000	3.496508	-0.241162	0.000000	0.000000	0.000000	0.000000
1.362000	0.106000	1.791759	-0.980829	11.421000	0.019000	4.094345	-0.154151	15.791000	0.013000	4.852030	-0.075223	21.571000	0.020000	4.317488	-0.125163	24.436000	0.028000	3.465736	-0.271934	0.000000	0.000000	0.000000	0.000000
5.907000	0.133000	1.609438	-1.163151	6.931000	0.020000	4.077537	-0.170958	16.903000	0.013000	4.844187	-0.083067	20.301000	0.021000	4.304065	-0.138586	27.396000	0.028000	3.433987	-0.303682	0.000000	0.000000	0.000000	0.000000
5.416000	0.368000	1.386294	-1.386294	9.501000	0.020000	4.060443	-0.188052	16.244000	0.014000	4.836282	-0.090972	20.966000	0.024000	4.290459	-0.152192	29.057000	0.028000	3.401197	-0.336472	0.000000	0.000000	0.000000	0.000000
5.076000	0.428000	1.098612	-1.673976	9.016000	0.021000	4.043051	-0.205444	16.696000	0.014000	4.828314	-0.098940	23.338000	0.024000	4.276666	-0.165985	24.693000	0.036000	3.367296	-0.370374	0.000000	0.000000	0.000000	0.000000
5.553000	0.577000	0.693147	-2.079442	11.194000	0.021000	4.025352	-0.223144	13.002000	0.017000	4.820282	-0.106972	19.079000	0.026000	4.262680	-0.179971	24.485000	0.039000	3.332205	-0.405465	0.000000	0.000000	0.000000	0.000000
4.215000	0.720000	0.000000	-2.772589	11.201000	0.022000	4.007333	-0.241162	16.751000	0.017000	4.812184	-0.115069	22.760000	0.027000	4.248495	-0.194156	25.981000	0.047000	3.295837	-0.441833	0.000000	0.000000	0.000000	0.000000
0.000000	0.000000	0.000000	0.000000	11.220000	0.022000	3.988984	-0.259511	16.223000	0.018000	4.804021	-0.123233	18.461000	0.029000	4.234107	-0.208545	25.425000	0.053000	3.258097	-0.479573	0.000000	0.000000	0.000000	0.000000
0.000000	0.000000	0.000000	0.000000	12.162000	0.022000	3.970292	-0.278203	13.315000	0.020000	4.795791	-0.131463	18.783000	0.029000	4.219508	-0.223144	25.700000	0.053000	3.218876	-0.518794	0.000000	0.000000	0.000000	0.000000
0.000000	0.000000	0.000000	0.000000	8.695000	0.024000	3.951244	-0.297252	17.618000	0.020000	4.787492	-0.139762	19.565000	0.030000	4.204693	-0.237959	25.997000	0.057000	3.178054	-0.559616	0.000000	0.000000	0.000000	0.000000
0.000000	0.000000	0.000000	0.000000	8.862000	0.024000	3.931826	-0.316670	13.065000	0.021000	4.779123	-0.148130	21.933000	0.030000	4.189655	-0.252997	27.339000	0.058000	3.135494	-0.602175	0.000000	0.000000	0.000000	0.000000
0.000000	0.000000	0.000000	0.000000	12.043000	0.025000	3.912023	-0.336472	16.744000	0.021000	4.770685	-0.156569	18.483000	0.035000	4.174387	-0.268264	24.861000	0.064000	3.091042	-0.646627	0.000000	0.000000	0.000000	0.000000
0.000000	0.000000	0.000000	0.000000	10.551000	0.027000	3.891820	-0.356675	14.352000	0.022000	4.762174	-0.165080	20.819000	0.040000	4.158883	-0.283768	25.060000	0.068000	3.044522	-0.693147	0.000000	0.000000	0.000000	0.000000
0.000000	0.000000	0.000000	0.000000	9.397000	0.029000	3.871201	-0.377294	12.508000	0.027000	4.753590	-0.173663	18.879000	0.043000	4.143135	-0.299517	28.458000	0.071000	2.995732	-0.741937	0.000000	0.000000	0.000000	0.000000
0.000000	0.000000	0.000000	0.000000	10.232000	0.029000	3.850148	-0.398348	13.855000	0.027000	4.744932	-0.182322	19.722000	0.043000	4.127134	-0.315517	27.618000	0.072000	2.944439	-0.793231	0.000000	0.000000	0.000000	0.000000
0.000000	0.000000	0.000000	0.000000	10.890000	0.029000	3.828641	-0.419854	14.288000	0.027000	4.736198	-0.191055	20.832000	0.043000	4.110874	-0.331777	24.810000	0.076000	2.890372	-0.847298	0.000000	0.000000	0.000000	0.000000
0.000000	0.000000	0.000000	0.000000	8.216000	0.032000	3.806662	-0.441833	12.738000	0.028000	4.727388	-0.199866	18.610000	0.046000	4.094345	-0.348307	24.290000	0.082000	2.833213	-0.904456	0.000000	0.000000	0.000000	0.000000
0.000000	0.000000	0.000000	0.000000	10.264000	0.034000	3.784190	-0.464306	17.694000	0.029000	4.718499	-0.208755	20.863000	0.046000	4.077537	-0.365114	28.111000	0.087000	2.772589	-0.965081	0.000000	0.000000	0.000000	0.000000
0.000000	0.000000	0.000000	0.000000	8.185000	0.039000	3.761200	-0.487295	15.729000	0.030000	4.709530	-0.217723	21.726000	0.048000	4.060443	-0.382208	24.117000	0.101000	2.708050	-1.029619	0.000000	0.000000	0.000000	0.000000
0.000000	0.000000	0.000000	0.000000	9.869000	0.039000	3.737670	-0.510826	14.553000	0.031000	4.700480	-0.226773	20.358000	0.050000	4.043051	-0.399600	27.120000	0.114000	2.639057	-1.098612	0.000000	0.000000	0.000000	0.000000
0.000000	0.000000	0.000000	0.000000	9.896000	0.040000	3.713572	-0.534923	14.291000	0.038000	4.691348	-0.235906	21.900000	0.050000	4.025352	-0.417300	27.240000	0.148000	2.564949	-1.172720	0.000000	0.000000	0.000000	0.000000
0.000000	0.000000	0.000000	0.000000	9.123000	0.041000	3.688879	-0.559616	14.320000	0.038000	4.682131	-0.245122	19.271000	0.051000	4.007333	-0.435318	27.629000	0.174000	2.484907	-1.252763	0.000000	0.000000	0.000000	0.000000
0.000000	0.000000	0.000000	0.000000	10.508000	0.043000	3.663562	-0.584934	16.215000	0.038000	4.672829	-0.254425	20.057000	0.051000	3.988984	-0.453667	25.098000	0.196000	2.397895	-1.339774	0.000000	0.000000	0.000000	0.000000
0.000000	0.000000	0.000000	0.000000	11.069000	0.044000	3.637586	-0.610909	17.880000	0.038000	4.663439	-0.263815	18.247000	0.052000	3.970292	-0.472359	26.286000	0.217000	2.302585	-1.435085	0.000000	0.000000	0.000000	0.000000
0.000000	0.000000	0.000000	0.000000	11.749000	0.049000	3.610918	-0.637577	17.694000	0.042000	4.653960	-0.273293	20.227000	0.053000	3.951244	-0.491408	27.397000	0.217000	2.197225	-1.540445	0.000000	0.000000	0.000000	0.000000
0.000000	0.000000	0.000000	0.000000	11.912000	0.051000	3.583519	-0.664976	17.998000	0.043000	4.644391	-0.282863	18.390000	0.055000	3.931826	-0.510826	23.963000	0.244000	2.079442	-1.658228	0.000000	0.000000	0.000000	0.000000
0.000000	0.000000	0.000000	0.000000	8.029000	0.053000	3.555348	-0.693147	14.205000	0.044000	4.634729	-0.292525	20.957000	0.056000	3.912023	-0.530628	26.198000	0.311000	1.945910	-1.791759	0.000000	0.000000	0.000000	0.000000
0.000000	0.000000	0.000000	0.000000	10.611000	0.059000	3.526361	-0.722135	17.337000	0.044000	4.624973	-0.302281	21.786000	0.059000	3.891820	-0.550831	25.002000	0.381000	1.791759	-1.945910	0.000000	0.000000	0.000000	0.000000
0.000000	0.000000	0.000000	0.000000	10.267000	0.067000	3.496508	-0.751988	17.291000	0.046000	4.615121	-0.312133	21.815000	0.061000	3.871201	-0.571450	24.778000	0.494000	1.609438	-2.128232	0.000000	0.000000	0.000000	0.000000
0.000000	0.000000	0.000000	0.000000	11.431000	0.067000	3.465736	-0.782759	16.062000	0.047000	4.605170	-0.322083	23.306000	0.064000	3.850148	-0.592504	26.793000	0.563000	1.386294	-2.351375	0.000000	0.000000	0.000000	0.000000
0.000000	0.000000	0.000000	0.000000	10.631000	0.073000	3.433987	-0.814508	16.149000	0.047000	4.595120	-0.332134	22.275000	0.066000	3.828641	-0.614010	28.470000	1.312000	1.098612	-2.639057	0.000000	0.000000	0.000000	0.000000
0.000000	0.000000	0.000000	0.000000	8.935000	0.074000	3.401197	-0.847298	13.436000	0.048000	4.584967	-0.342286	20.359000	0.067000	3.806662	-0.635989	25.320000	1.555000	0.693147	-3.044522	0.000000	0.000000	0.000000	0.000000
0.000000	0.000000	0.000000	0.000000	9.294000	0.079000	3.367296	-0.881199	17.355000	0.048000	4.574711	-0.352543	19.821000	0.069000	3.784190	-0.658462	27.157000	4.249000	0.000000	-3.737670	0.000000	0.000000	0.000000	0.000000
0.000000	0.000000	0.000000	0.000000	11.337000	0.088000	3.332205	-0.916291	17.776000	0.048000	4.564348	-0.362905	20.030000	0.070000	3.761200	-0.681451	0.000000	0.000000	0.000000	0.000000	0.000000	0.000000	0.000000	0.000000
0.000000	0.000000	0.000000	0.000000	11.668000	0.092000	3.295837	-0.952658	13.153000	0.050000	4.553877	-0.373377	19.021000	0.077000	3.737670	-0.704982	0.000000	0.000000	0.000000	0.000000	0.000000	0.000000	0.000000	0.000000
0.000000	0.000000	0.000000	0.000000	7.353000	0.115000	3.258097	-0.990399	16.987000	0.052000	4.543295	-0.383959	20.701000	0.077000	3.713572	-0.729079	0.000000	0.000000	0.000000	0.000000	0.000000	0.000000	0.000000	0.000000
0.000000	0.000000	0.000000	0.000000	9.322000	0.128000	3.218876	-1.029619	14.667000	0.055000	4.532599	-0.394654	19.537000	0.078000	3.688879	-0.753772	0.000000	0.000000	0.000000	0.000000	0.000000	0.000000	0.000000	0.000000
0.000000	0.000000	0.000000	0.000000	9.732000	0.136000	3.178054	-1.070441	13.645000	0.056000	4.521789	-0.405465	21.740000	0.078000	3.663562	-0.779090	0.000000	0.000000	0.000000	0.000000	0.000000	0.000000	0.000000	0.000000
0.000000	0.000000	0.000000	0.000000	10.173000	0.138000	3.135494	-1.113001	15.486000	0.056000	4.510860	-0.416394	19.475000	0.086000	3.637586	-0.805065	0.000000	0.000000	0.000000	0.000000	0.000000	0.000000	0.000000	0.000000
0.000000	0.000000	0.000000	0.000000	10.414000	0.138000	3.091042	-1.157453	13.858000	0.060000	4.499810	-0.427444	22.748000	0.088000	3.610918	-0.831733	0.000000	0.000000	0.000000	0.000000	0.000000	0.000000	0.000000	0.000000
0.000000	0.000000	0.000000	0.000000	6.517000	0.157000	3.044522	-1.203973	15.126000	0.060000	4.488636	-0.438617	22.387000	0.090000	3.583519	-0.859132	0.000000	0.000000	0.000000	0.000000	0.000000	0.000000	0.000000	0.000000
0.000000	0.000000	0.000000	0.000000	9.507000	0.159000	2.995732	-1.252763	15.735000	0.060000	4.477337	-0.449917	22.256000	0.091000	3.555348	-0.887303	0.000000	0.000000	0.000000	0.000000	0.000000	0.000000	0.000000	0.000000
0.000000	0.000000	0.000000	0.000000	12.206000	0.168000	2.944439	-1.304056	15.461000	0.065000	4.465908	-0.461346	20.902000	0.098000	3.526361	-0.916291	0.000000	0.000000	0.000000	0.000000	0.000000	0.000000	0.000000	0.000000
0.000000	0.000000	0.000000	0.000000	8.648000	0.246000	2.890372	-1.358123	12.848000	0.066000	4.454347	-0.472906	20.382000	0.107000	3.496508	-0.946144	0.000000	0.000000	0.000000	0.000000	0.000000	0.000000	0.000000	0.000000
0.000000	0.000000	0.000000	0.000000	9.198000	0.252000	2.833213	-1.415282	17.113000	0.067000	4.442651	-0.484602	20.331000	0.114000	3.465736	-0.976915	0.000000	0.000000	0.000000	0.000000	0.000000	0.000000	0.000000	0.000000
0.000000	0.000000	0.000000	0.000000	11.573000	0.287000	2.772589	-1.475907	12.499000	0.073000	4.430817	-0.496437	21.148000	0.137000	3.433987	-1.008664	0.000000	0.000000	0.000000	0.000000	0.000000	0.000000	0.000000	0.000000
0.000000	0.000000	0.000000	0.000000	10.082000	0.312000	2.708050	-1.540445	15.179000	0.078000	4.418841	-0.508413	20.969000	0.145000	3.401197	-1.041454	0.000000	0.000000	0.000000	0.000000	0.000000	0.000000	0.000000	0.000000
0.000000	0.000000	0.000000	0.000000	11.577000	0.355000	2.639057	-1.609438	16.957000	0.078000	4.406719	-0.520534	22.486000	0.152000	3.367296	-1.075355	0.000000	0.000000	0.000000	0.000000	0.000000	0.000000	0.000000	0.000000
0.000000	0.000000	0.000000	0.000000	9.368000	0.397000	2.564949	-1.683546	17.346000	0.078000	4.394449	-0.532805	21.019000	0.209000	3.332205	-1.110447	0.000000	0.000000	0.000000	0.000000	0.000000	0.000000	0.000000	0.000000
0.000000	0.000000	0.000000	0.000000	10.674000	0.421000	2.484907	-1.763589	15.828000	0.079000	4.382027	-0.545227	18.830000	0.232000	3.295837	-1.146814	0.000000	0.000000	0.000000	0.000000	0.000000	0.000000	0.000000	0.000000
0.000000	0.000000	0.000000	0.000000	10.089000	0.454000	2.397895	-1.850600	16.558000	0.079000	4.369448	-0.557806	20.991000	0.268000	3.258097	-1.184555	0.000000	0.000000	0.000000	0.000000	0.000000	0.000000	0.000000	0.000000
0.000000	0.000000	0.000000	0.000000	10.679000	0.460000	2.302585	-1.945910	15.198000	0.087000	4.356709	-0.570545	18.219000	0.311000	3.218876	-1.223775	0.000000	0.000000	0.000000	0.000000	0.000000	0.000000	0.000000	0.000000
0.000000	0.000000	0.000000	0.000000	10.228000	0.497000	2.197225	-2.051271	17.446000	0.092000	4.343805	-0.583448	22.204000	0.311000	3.178054	-1.264597	0.000000	0.000000	0.000000	0.000000	0.000000	0.000000	0.000000	0.000000
0.000000	0.000000	0.000000	0.000000	10.646000	0.629000	2.079442	-2.169054	17.504000	0.096000	4.330733	-0.596520	18.228000	0.319000	3.135494	-1.307157	0.000000	0.000000	0.000000	0.000000	0.000000	0.000000	0.000000	0.000000
0.000000	0.000000	0.000000	0.000000	7.725000	0.808000	1.945910	-2.302585	16.768000	0.097000	4.317488	-0.609766	19.451000	0.347000	3.091042	-1.351609	0.000000	0.000000	0.000000	0.000000	0.000000	0.000000	0.000000	0.000000
0.000000	0.000000	0.000000	0.000000	12.148000	0.863000	1.791759	-2.456736	14.884000	0.100000	4.304065	-0.623189	23.800000	0.348000	3.044522	-1.398129	0.000000	0.000000	0.000000	0.000000	0.000000	0.000000	0.000000	0.000000
0.000000	0.000000	0.000000	0.000000	9.646000	1.192000	1.609438	-2.639057	14.451000	0.101000	4.290459	-0.636794	23.696000	0.380000	2.995732	-1.446919	0.000000	0.000000	0.000000	0.000000	0.000000	0.000000	0.000000	0.000000
0.000000	0.000000	0.000000	0.000000	9.575000	2.583000	1.386294	-2.862201	13.178000	0.107000	4.276666	-0.650588	23.582000	0.449000	2.944439	-1.498212	0.000000	0.000000	0.000000	0.000000	0.000000	0.000000	0.000000	0.000000
0.000000	0.000000	0.000000	0.000000	12.249000	2.742000	1.098612	-3.149883	17.515000	0.109000	4.262680	-0.664574	21.446000	0.473000	2.890372	-1.552279	0.000000	0.000000	0.000000	0.000000	0.000000	0.000000	0.000000	0.000000
0.000000	0.000000	0.000000	0.000000	11.921000	4.800000	0.693147	-3.555348	15.934000	0.113000	4.248495	-0.678758	23.413000	0.501000	2.833213	-1.609438	0.000000	0.000000	0.000000	0.000000	0.000000	0.000000	0.000000	0.000000
0.000000	0.000000	0.000000	0.000000	8.619000	6.013000	0.000000	-4.248495	14.066000	0.114000	4.234107	-0.693147	23.414000	0.526000	2.772589	-1.670063	0.000000	0.000000	0.000000	0.000000	0.000000	0.000000	0.000000	0.000000
0.000000	0.000000	0.000000	0.000000	0.000000	0.000000	0.000000	0.000000	12.973000	0.117000	4.219508	-0.707746	19.811000	0.568000	2.708050	-1.734601	0.000000	0.000000	0.000000	0.000000	0.000000	0.000000	0.000000	0.000000
0.000000	0.000000	0.000000	0.000000	0.000000	0.000000	0.000000	0.000000	18.045000	0.118000	4.204693	-0.722561	19.985000	0.624000	2.639057	-1.803594	0.000000	0.000000	0.000000	0.000000	0.000000	0.000000	0.000000	0.000000
0.000000	0.000000	0.000000	0.000000	0.000000	0.000000	0.000000	0.000000	15.044000	0.127000	4.189655	-0.737599	18.975000	0.632000	2.564949	-1.877702	0.000000	0.000000	0.000000	0.000000	0.000000	0.000000	0.000000	0.000000
0.000000	0.000000	0.000000	0.000000	0.000000	0.000000	0.000000	0.000000	15.851000	0.127000	4.174387	-0.752866	20.590000	0.653000	2.484907	-1.957745	0.000000	0.000000	0.000000	0.000000	0.000000	0.000000	0.000000	0.000000
0.000000	0.000000	0.000000	0.000000	0.000000	0.000000	0.000000	0.000000	17.288000	0.127000	4.158883	-0.768371	19.521000	0.701000	2.397895	-2.044756	0.000000	0.000000	0.000000	0.000000	0.000000	0.000000	0.000000	0.000000
0.000000	0.000000	0.000000	0.000000	0.000000	0.000000	0.000000	0.000000	17.629000	0.127000	4.143135	-0.784119	19.071000	0.753000	2.302585	-2.140066	0.000000	0.000000	0.000000	0.000000	0.000000	0.000000	0.000000	0.000000
0.000000	0.000000	0.000000	0.000000	0.000000	0.000000	0.000000	0.000000	13.408000	0.128000	4.127134	-0.800119	20.668000	0.757000	2.197225	-2.245427	0.000000	0.000000	0.000000	0.000000	0.000000	0.000000	0.000000	0.000000
0.000000	0.000000	0.000000	0.000000	0.000000	0.000000	0.000000	0.000000	13.555000	0.129000	4.110874	-0.816380	23.202000	1.167000	2.079442	-2.363210	0.000000	0.000000	0.000000	0.000000	0.000000	0.000000	0.000000	0.000000
0.000000	0.000000	0.000000	0.000000	0.000000	0.000000	0.000000	0.000000	12.969000	0.139000	4.094345	-0.832909	20.760000	1.723000	1.945910	-2.496741	0.000000	0.000000	0.000000	0.000000	0.000000	0.000000	0.000000	0.000000
0.000000	0.000000	0.000000	0.000000	0.000000	0.000000	0.000000	0.000000	15.300000	0.139000	4.077537	-0.849716	20.378000	2.066000	1.791759	-2.650892	0.000000	0.000000	0.000000	0.000000	0.000000	0.000000	0.000000	0.000000
0.000000	0.000000	0.000000	0.000000	0.000000	0.000000	0.000000	0.000000	12.990000	0.147000	4.060443	-0.866811	22.263000	2.444000	1.609438	-2.833213	0.000000	0.000000	0.000000	0.000000	0.000000	0.000000	0.000000	0.000000
0.000000	0.000000	0.000000	0.000000	0.000000	0.000000	0.000000	0.000000	13.102000	0.155000	4.043051	-0.884202	21.454000	2.808000	1.386294	-3.056357	0.000000	0.000000	0.000000	0.000000	0.000000	0.000000	0.000000	0.000000
0.000000	0.000000	0.000000	0.000000	0.000000	0.000000	0.000000	0.000000	12.985000	0.165000	4.025352	-0.901902	22.200000	4.383000	1.098612	-3.344039	0.000000	0.000000	0.000000	0.000000	0.000000	0.000000	0.000000	0.000000
0.000000	0.000000	0.000000	0.000000	0.000000	0.000000	0.000000	0.000000	13.542000	0.167000	4.007333	-0.919920	19.712000	5.218000	0.693147	-3.749504	0.000000	0.000000	0.000000	0.000000	0.000000	0.000000	0.000000	0.000000
0.000000	0.000000	0.000000	0.000000	0.000000	0.000000	0.000000	0.000000	13.122000	0.172000	3.988984	-0.938270	23.005000	16.816000	0.000000	-4.442651	0.000000	0.000000	0.000000	0.000000	0.000000	0.000000	0.000000	0.000000
0.000000	0.000000	0.000000	0.000000	0.000000	0.000000	0.000000	0.000000	14.659000	0.172000	3.970292	-0.956962	0.000000	0.000000	0.000000	0.000000	0.000000	0.000000	0.000000	0.000000	0.000000	0.000000	0.000000	0.000000
0.000000	0.000000	0.000000	0.000000	0.000000	0.000000	0.000000	0.000000	14.819000	0.172000	3.951244	-0.976010	0.000000	0.000000	0.000000	0.000000	0.000000	0.000000	0.000000	0.000000	0.000000	0.000000	0.000000	0.000000
0.000000	0.000000	0.000000	0.000000	0.000000	0.000000	0.000000	0.000000	17.068000	0.179000	3.931826	-0.995428	0.000000	0.000000	0.000000	0.000000	0.000000	0.000000	0.000000	0.000000	0.000000	0.000000	0.000000	0.000000
0.000000	0.000000	0.000000	0.000000	0.000000	0.000000	0.000000	0.000000	12.473000	0.196000	3.912023	-1.015231	0.000000	0.000000	0.000000	0.000000	0.000000	0.000000	0.000000	0.000000	0.000000	0.000000	0.000000	0.000000
0.000000	0.000000	0.000000	0.000000	0.000000	0.000000	0.000000	0.000000	15.336000	0.202000	3.891820	-1.035433	0.000000	0.000000	0.000000	0.000000	0.000000	0.000000	0.000000	0.000000	0.000000	0.000000	0.000000	0.000000
0.000000	0.000000	0.000000	0.000000	0.000000	0.000000	0.000000	0.000000	16.057000	0.216000	3.871201	-1.056053	0.000000	0.000000	0.000000	0.000000	0.000000	0.000000	0.000000	0.000000	0.000000	0.000000	0.000000	0.000000
0.000000	0.000000	0.000000	0.000000	0.000000	0.000000	0.000000	0.000000	13.999000	0.219000	3.850148	-1.077106	0.000000	0.000000	0.000000	0.000000	0.000000	0.000000	0.000000	0.000000	0.000000	0.000000	0.000000	0.000000
0.000000	0.000000	0.000000	0.000000	0.000000	0.000000	0.000000	0.000000	17.083000	0.223000	3.828641	-1.098612	0.000000	0.000000	0.000000	0.000000	0.000000	0.000000	0.000000	0.000000	0.000000	0.000000	0.000000	0.000000
0.000000	0.000000	0.000000	0.000000	0.000000	0.000000	0.000000	0.000000	13.683000	0.228000	3.806662	-1.120591	0.000000	0.000000	0.000000	0.000000	0.000000	0.000000	0.000000	0.000000	0.000000	0.000000	0.000000	0.000000
0.000000	0.000000	0.000000	0.000000	0.000000	0.000000	0.000000	0.000000	13.384000	0.247000	3.784190	-1.143064	0.000000	0.000000	0.000000	0.000000	0.000000	0.000000	0.000000	0.000000	0.000000	0.000000	0.000000	0.000000
0.000000	0.000000	0.000000	0.000000	0.000000	0.000000	0.000000	0.000000	12.629000	0.248000	3.761200	-1.166054	0.000000	0.000000	0.000000	0.000000	0.000000	0.000000	0.000000	0.000000	0.000000	0.000000	0.000000	0.000000
0.000000	0.000000	0.000000	0.000000	0.000000	0.000000	0.000000	0.000000	14.652000	0.257000	3.737670	-1.189584	0.000000	0.000000	0.000000	0.000000	0.000000	0.000000	0.000000	0.000000	0.000000	0.000000	0.000000	0.000000
0.000000	0.000000	0.000000	0.000000	0.000000	0.000000	0.000000	0.000000	13.380000	0.280000	3.713572	-1.213682	0.000000	0.000000	0.000000	0.000000	0.000000	0.000000	0.000000	0.000000	0.000000	0.000000	0.000000	0.000000
0.000000	0.000000	0.000000	0.000000	0.000000	0.000000	0.000000	0.000000	14.538000	0.285000	3.688879	-1.238374	0.000000	0.000000	0.000000	0.000000	0.000000	0.000000	0.000000	0.000000	0.000000	0.000000	0.000000	0.000000
0.000000	0.000000	0.000000	0.000000	0.000000	0.000000	0.000000	0.000000	16.746000	0.300000	3.663562	-1.263692	0.000000	0.000000	0.000000	0.000000	0.000000	0.000000	0.000000	0.000000	0.000000	0.000000	0.000000	0.000000
0.000000	0.000000	0.000000	0.000000	0.000000	0.000000	0.000000	0.000000	17.369000	0.313000	3.637586	-1.289668	0.000000	0.000000	0.000000	0.000000	0.000000	0.000000	0.000000	0.000000	0.000000	0.000000	0.000000	0.000000
0.000000	0.000000	0.000000	0.000000	0.000000	0.000000	0.000000	0.000000	13.921000	0.315000	3.610918	-1.316336	0.000000	0.000000	0.000000	0.000000	0.000000	0.000000	0.000000	0.000000	0.000000	0.000000	0.000000	0.000000
0.000000	0.000000	0.000000	0.000000	0.000000	0.000000	0.000000	0.000000	14.410000	0.325000	3.583519	-1.343735	0.000000	0.000000	0.000000	0.000000	0.000000	0.000000	0.000000	0.000000	0.000000	0.000000	0.000000	0.000000
0.000000	0.000000	0.000000	0.000000	0.000000	0.000000	0.000000	0.000000	16.135000	0.336000	3.555348	-1.371906	0.000000	0.000000	0.000000	0.000000	0.000000	0.000000	0.000000	0.000000	0.000000	0.000000	0.000000	0.000000
0.000000	0.000000	0.000000	0.000000	0.000000	0.000000	0.000000	0.000000	14.517000	0.353000	3.526361	-1.400893	0.000000	0.000000	0.000000	0.000000	0.000000	0.000000	0.000000	0.000000	0.000000	0.000000	0.000000	0.000000
0.000000	0.000000	0.000000	0.000000	0.000000	0.000000	0.000000	0.000000	12.604000	0.356000	3.496508	-1.430746	0.000000	0.000000	0.000000	0.000000	0.000000	0.000000	0.000000	0.000000	0.000000	0.000000	0.000000	0.000000
0.000000	0.000000	0.000000	0.000000	0.000000	0.000000	0.000000	0.000000	16.731000	0.394000	3.465736	-1.461518	0.000000	0.000000	0.000000	0.000000	0.000000	0.000000	0.000000	0.000000	0.000000	0.000000	0.000000	0.000000
0.000000	0.000000	0.000000	0.000000	0.000000	0.000000	0.000000	0.000000	14.432000	0.400000	3.433987	-1.493266	0.000000	0.000000	0.000000	0.000000	0.000000	0.000000	0.000000	0.000000	0.000000	0.000000	0.000000	0.000000
0.000000	0.000000	0.000000	0.000000	0.000000	0.000000	0.000000	0.000000	17.155000	0.459000	3.401197	-1.526056	0.000000	0.000000	0.000000	0.000000	0.000000	0.000000	0.000000	0.000000	0.000000	0.000000	0.000000	0.000000
0.000000	0.000000	0.000000	0.000000	0.000000	0.000000	0.000000	0.000000	15.997000	0.472000	3.367296	-1.559958	0.000000	0.000000	0.000000	0.000000	0.000000	0.000000	0.000000	0.000000	0.000000	0.000000	0.000000	0.000000
0.000000	0.000000	0.000000	0.000000	0.000000	0.000000	0.000000	0.000000	13.130000	0.476000	3.332205	-1.595049	0.000000	0.000000	0.000000	0.000000	0.000000	0.000000	0.000000	0.000000	0.000000	0.000000	0.000000	0.000000
0.000000	0.000000	0.000000	0.000000	0.000000	0.000000	0.000000	0.000000	13.967000	0.484000	3.295837	-1.631417	0.000000	0.000000	0.000000	0.000000	0.000000	0.000000	0.000000	0.000000	0.000000	0.000000	0.000000	0.000000
0.000000	0.000000	0.000000	0.000000	0.000000	0.000000	0.000000	0.000000	17.776000	0.497000	3.258097	-1.669157	0.000000	0.000000	0.000000	0.000000	0.000000	0.000000	0.000000	0.000000	0.000000	0.000000	0.000000	0.000000
0.000000	0.000000	0.000000	0.000000	0.000000	0.000000	0.000000	0.000000	15.193000	0.524000	3.218876	-1.708378	0.000000	0.000000	0.000000	0.000000	0.000000	0.000000	0.000000	0.000000	0.000000	0.000000	0.000000	0.000000
0.000000	0.000000	0.000000	0.000000	0.000000	0.000000	0.000000	0.000000	17.735000	0.531000	3.178054	-1.749200	0.000000	0.000000	0.000000	0.000000	0.000000	0.000000	0.000000	0.000000	0.000000	0.000000	0.000000	0.000000
0.000000	0.000000	0.000000	0.000000	0.000000	0.000000	0.000000	0.000000	15.229000	0.592000	3.135494	-1.791759	0.000000	0.000000	0.000000	0.000000	0.000000	0.000000	0.000000	0.000000	0.000000	0.000000	0.000000	0.000000
0.000000	0.000000	0.000000	0.000000	0.000000	0.000000	0.000000	0.000000	16.671000	0.614000	3.091042	-1.836211	0.000000	0.000000	0.000000	0.000000	0.000000	0.000000	0.000000	0.000000	0.000000	0.000000	0.000000	0.000000
0.000000	0.000000	0.000000	0.000000	0.000000	0.000000	0.000000	0.000000	14.041000	0.651000	3.044522	-1.882731	0.000000	0.000000	0.000000	0.000000	0.000000	0.000000	0.000000	0.000000	0.000000	0.000000	0.000000	0.000000
0.000000	0.000000	0.000000	0.000000	0.000000	0.000000	0.000000	0.000000	14.447000	0.712000	2.995732	-1.931521	0.000000	0.000000	0.000000	0.000000	0.000000	0.000000	0.000000	0.000000	0.000000	0.000000	0.000000	0.000000
0.000000	0.000000	0.000000	0.000000	0.000000	0.000000	0.000000	0.000000	16.961000	0.954000	2.944439	-1.982815	0.000000	0.000000	0.000000	0.000000	0.000000	0.000000	0.000000	0.000000	0.000000	0.000000	0.000000	0.000000
0.000000	0.000000	0.000000	0.000000	0.000000	0.000000	0.000000	0.000000	18.072000	1.010000	2.890372	-2.036882	0.000000	0.000000	0.000000	0.000000	0.000000	0.000000	0.000000	0.000000	0.000000	0.000000	0.000000	0.000000
0.000000	0.000000	0.000000	0.000000	0.000000	0.000000	0.000000	0.000000	12.787000	1.065000	2.833213	-2.094040	0.000000	0.000000	0.000000	0.000000	0.000000	0.000000	0.000000	0.000000	0.000000	0.000000	0.000000	0.000000
0.000000	0.000000	0.000000	0.000000	0.000000	0.000000	0.000000	0.000000	16.855000	1.103000	2.772589	-2.154665	0.000000	0.000000	0.000000	0.000000	0.000000	0.000000	0.000000	0.000000	0.000000	0.000000	0.000000	0.000000
0.000000	0.000000	0.000000	0.000000	0.000000	0.000000	0.000000	0.000000	14.890000	1.125000	2.708050	-2.219203	0.000000	0.000000	0.000000	0.000000	0.000000	0.000000	0.000000	0.000000	0.000000	0.000000	0.000000	0.000000
0.000000	0.000000	0.000000	0.000000	0.000000	0.000000	0.000000	0.000000	15.605000	1.132000	2.639057	-2.288196	0.000000	0.000000	0.000000	0.000000	0.000000	0.000000	0.000000	0.000000	0.000000	0.000000	0.000000	0.000000
0.000000	0.000000	0.000000	0.000000	0.000000	0.000000	0.000000	0.000000	16.855000	1.196000	2.564949	-2.362304	0.000000	0.000000	0.000000	0.000000	0.000000	0.000000	0.000000	0.000000	0.000000	0.000000	0.000000	0.000000
0.000000	0.000000	0.000000	0.000000	0.000000	0.000000	0.000000	0.000000	17.423000	1.251000	2.484907	-2.442347	0.000000	0.000000	0.000000	0.000000	0.000000	0.000000	0.000000	0.000000	0.000000	0.000000	0.000000	0.000000
0.000000	0.000000	0.000000	0.000000	0.000000	0.000000	0.000000	0.000000	14.708000	1.328000	2.397895	-2.529358	0.000000	0.000000	0.000000	0.000000	0.000000	0.000000	0.000000	0.000000	0.000000	0.000000	0.000000	0.000000
0.000000	0.000000	0.000000	0.000000	0.000000	0.000000	0.000000	0.000000	15.265000	1.367000	2.302585	-2.624669	0.000000	0.000000	0.000000	0.000000	0.000000	0.000000	0.000000	0.000000	0.000000	0.000000	0.000000	0.000000
0.000000	0.000000	0.000000	0.000000	0.000000	0.000000	0.000000	0.000000	16.751000	1.435000	2.197225	-2.730029	0.000000	0.000000	0.000000	0.000000	0.000000	0.000000	0.000000	0.000000	0.000000	0.000000	0.000000	0.000000
0.000000	0.000000	0.000000	0.000000	0.000000	0.000000	0.000000	0.000000	16.725000	1.652000	2.079442	-2.847812	0.000000	0.000000	0.000000	0.000000	0.000000	0.000000	0.000000	0.000000	0.000000	0.000000	0.000000	0.000000
0.000000	0.000000	0.000000	0.000000	0.000000	0.000000	0.000000	0.000000	15.673000	2.367000	1.945910	-2.981344	0.000000	0.000000	0.000000	0.000000	0.000000	0.000000	0.000000	0.000000	0.000000	0.000000	0.000000	0.000000
0.000000	0.000000	0.000000	0.000000	0.000000	0.000000	0.000000	0.000000	15.181000	2.553000	1.791759	-3.135494	0.000000	0.000000	0.000000	0.000000	0.000000	0.000000	0.000000	0.000000	0.000000	0.000000	0.000000	0.000000
0.000000	0.000000	0.000000	0.000000	0.000000	0.000000	0.000000	0.000000	16.833000	5.292000	1.609438	-3.317816	0.000000	0.000000	0.000000	0.000000	0.000000	0.000000	0.000000	0.000000	0.000000	0.000000	0.000000	0.000000
0.000000	0.000000	0.000000	0.000000	0.000000	0.000000	0.000000	0.000000	13.340000	6.634000	1.386294	-3.540959	0.000000	0.000000	0.000000	0.000000	0.000000	0.000000	0.000000	0.000000	0.000000	0.000000	0.000000	0.000000
0.000000	0.000000	0.000000	0.000000	0.000000	0.000000	0.000000	0.000000	17.773000	8.782000	1.098612	-3.828641	0.000000	0.000000	0.000000	0.000000	0.000000	0.000000	0.000000	0.000000	0.000000	0.000000	0.000000	0.000000
0.000000	0.000000	0.000000	0.000000	0.000000	0.000000	0.000000	0.000000	14.163000	9.140000	0.693147	-4.234107	0.000000	0.000000	0.000000	0.000000	0.000000	0.000000	0.000000	0.000000	0.000000	0.000000	0.000000	0.000000
0.000000	0.000000	0.000000	0.000000	0.000000	0.000000	0.000000	0.000000	14.829000	14.665000	0.000000	-4.927254	0.000000	0.000000	0.000000	0.000000	0.000000	0.000000	0.000000	0.000000	0.000000	0.000000	0.000000	0.000000
