Force  Lifetime  Lnp  Force  Lifetime  Lnp  Force  Lifetime  Lnp  Force  Lifetime  Lnp  Force  Lifetime  Lnp  Force  Lifetime  Lnp  Force  Lifetime  Lnp  Force  Lifetime  Lnp  Force  Lifetime  Lnp  
7.200000	0.003000	4.060443	0.000000	8.695000	0.005000	3.951244	0.000000	10.238000	0.008000	4.276666	0.000000	14.994000	0.004000	4.521789	0.000000	16.545000	0.006000	4.852030	0.000000	22.907000	0.005000	3.688879	0.000000
3.602000	0.008000	4.043051	-0.017392	8.952000	0.005000	3.931826	-0.019418	10.541000	0.008000	4.262680	-0.013986	15.929000	0.004000	4.510860	-0.010929	20.078000	0.006000	4.844187	-0.007843	29.591000	0.005000	3.663562	-0.025318
4.974000	0.008000	4.025352	-0.035091	9.520000	0.005000	3.912023	-0.039221	10.658000	0.008000	4.248495	-0.028171	13.556000	0.006000	4.499810	-0.021979	20.753000	0.006000	4.836282	-0.015748	23.838000	0.006000	3.637586	-0.051293
4.561000	0.010000	4.007333	-0.053110	7.900000	0.006000	3.891820	-0.059423	12.468000	0.008000	4.234107	-0.042560	14.263000	0.006000	4.488636	-0.033152	21.178000	0.006000	4.828314	-0.023717	22.188000	0.009000	3.610918	-0.077962
4.224000	0.013000	3.988984	-0.071459	8.472000	0.006000	3.871201	-0.080043	10.939000	0.011000	4.219508	-0.057158	13.619000	0.007000	4.477337	-0.044452	18.929000	0.007000	4.820282	-0.031749	25.130000	0.011000	3.583519	-0.105361
6.932000	0.013000	3.970292	-0.090151	9.139000	0.006000	3.850148	-0.101096	11.177000	0.011000	4.204693	-0.071973	14.476000	0.007000	4.465908	-0.055880	17.605000	0.009000	4.812184	-0.039846	23.650000	0.012000	3.555348	-0.133531
5.849000	0.016000	3.951244	-0.109199	9.393000	0.006000	3.828641	-0.122602	12.488000	0.011000	4.189655	-0.087011	15.694000	0.009000	4.454347	-0.067441	21.223000	0.009000	4.804021	-0.048009	21.797000	0.014000	3.526361	-0.162519
6.267000	0.016000	3.931826	-0.128617	9.613000	0.006000	3.806662	-0.144581	11.352000	0.014000	4.174387	-0.102279	13.965000	0.011000	4.442651	-0.079137	16.929000	0.010000	4.795791	-0.056240	24.835000	0.014000	3.496508	-0.192372
5.769000	0.017000	3.912023	-0.148420	8.127000	0.007000	3.784190	-0.167054	12.063000	0.017000	4.158883	-0.117783	13.262000	0.013000	4.430817	-0.090972	17.865000	0.010000	4.787492	-0.064539	22.876000	0.016000	3.465736	-0.223144
4.182000	0.019000	3.891820	-0.168623	8.342000	0.008000	3.761200	-0.190044	11.949000	0.020000	4.143135	-0.133531	13.524000	0.016000	4.418841	-0.102948	18.838000	0.010000	4.779123	-0.072907	23.299000	0.017000	3.433987	-0.254892
6.744000	0.022000	3.871201	-0.189242	8.743000	0.017000	3.737670	-0.213574	12.578000	0.020000	4.127134	-0.149532	14.155000	0.016000	4.406719	-0.115069	16.663000	0.011000	4.770685	-0.081346	21.987000	0.019000	3.401197	-0.287682
7.222000	0.022000	3.850148	-0.210295	9.053000	0.033000	3.713572	-0.237672	10.796000	0.023000	4.110874	-0.165792	14.094000	0.020000	4.394449	-0.127339	17.635000	0.011000	4.762174	-0.089856	26.604000	0.020000	3.367296	-0.321584
2.879000	0.023000	3.828641	-0.231802	8.214000	0.036000	3.688879	-0.262364	11.474000	0.023000	4.094345	-0.182322	16.030000	0.022000	4.382027	-0.139762	19.812000	0.011000	4.753590	-0.098440	24.564000	0.024000	3.332205	-0.356675
5.912000	0.026000	3.806662	-0.253781	9.013000	0.052000	3.663562	-0.287682	13.066000	0.023000	4.077537	-0.199129	16.417000	0.023000	4.369448	-0.152341	16.705000	0.012000	4.744932	-0.107098	21.792000	0.030000	3.295837	-0.393043
6.221000	0.026000	3.784190	-0.276253	9.574000	0.055000	3.637586	-0.313658	11.109000	0.027000	4.060443	-0.216223	15.905000	0.025000	4.356709	-0.165080	16.985000	0.012000	4.736198	-0.115832	23.113000	0.030000	3.258097	-0.430783
7.084000	0.028000	3.761200	-0.299243	8.059000	0.065000	3.610918	-0.340326	10.954000	0.031000	4.043051	-0.233615	16.284000	0.028000	4.343805	-0.177983	20.212000	0.012000	4.727388	-0.124642	21.661000	0.038000	3.218876	-0.470004
6.840000	0.032000	3.737670	-0.322773	9.652000	0.078000	3.583519	-0.367725	10.168000	0.032000	4.025352	-0.251314	14.947000	0.029000	4.330733	-0.191055	16.475000	0.013000	4.718499	-0.133531	23.510000	0.038000	3.178054	-0.510826
7.320000	0.035000	3.713572	-0.346871	8.927000	0.079000	3.555348	-0.395896	10.136000	0.041000	4.007333	-0.269333	15.016000	0.031000	4.317488	-0.204300	16.938000	0.013000	4.709530	-0.142500	23.570000	0.039000	3.135494	-0.553385
7.239000	0.036000	3.688879	-0.371564	8.805000	0.088000	3.526361	-0.424883	11.801000	0.046000	3.988984	-0.287682	16.279000	0.033000	4.304065	-0.217723	20.048000	0.013000	4.700480	-0.151550	22.248000	0.044000	3.091042	-0.597837
4.908000	0.038000	3.663562	-0.396881	7.986000	0.092000	3.496508	-0.454736	10.473000	0.050000	3.970292	-0.306374	15.786000	0.035000	4.290459	-0.231329	20.367000	0.013000	4.691348	-0.160682	22.418000	0.051000	3.044522	-0.644357
6.571000	0.040000	3.637586	-0.422857	8.009000	0.098000	3.465736	-0.485508	12.649000	0.056000	3.951244	-0.325422	15.050000	0.037000	4.276666	-0.245122	18.322000	0.014000	4.682131	-0.169899	22.220000	0.059000	2.995732	-0.693147
5.751000	0.041000	3.610918	-0.449525	9.410000	0.124000	3.433987	-0.517257	10.291000	0.058000	3.931826	-0.344840	16.169000	0.040000	4.262680	-0.259109	17.286000	0.018000	4.672829	-0.179201	24.615000	0.062000	2.944439	-0.744440
5.551000	0.048000	3.583519	-0.476924	9.616000	0.127000	3.401197	-0.550046	12.213000	0.063000	3.912023	-0.364643	13.376000	0.046000	4.248495	-0.273293	19.493000	0.019000	4.663439	-0.188591	22.203000	0.112000	2.890372	-0.798508
7.198000	0.048000	3.555348	-0.505095	9.047000	0.133000	3.367296	-0.583948	10.231000	0.065000	3.891820	-0.384846	15.766000	0.049000	4.234107	-0.287682	17.845000	0.020000	4.653960	-0.198070	22.886000	0.119000	2.833213	-0.855666
4.227000	0.054000	3.526361	-0.534082	9.216000	0.145000	3.332205	-0.619039	12.192000	0.067000	3.871201	-0.405465	16.353000	0.049000	4.219508	-0.302281	21.006000	0.020000	4.644391	-0.207639	21.571000	0.135000	2.772589	-0.916291
3.702000	0.060000	3.496508	-0.563935	9.435000	0.151000	3.295837	-0.655407	11.623000	0.078000	3.850148	-0.426519	15.221000	0.053000	4.204693	-0.317096	21.482000	0.020000	4.634729	-0.217301	24.353000	0.154000	2.708050	-0.980829
6.821000	0.062000	3.465736	-0.594707	8.700000	0.178000	3.258097	-0.693147	12.120000	0.083000	3.828641	-0.448025	14.564000	0.054000	4.189655	-0.332134	19.686000	0.022000	4.624973	-0.227057	23.731000	0.173000	2.639057	-1.049822
3.261000	0.073000	3.433987	-0.626456	9.468000	0.181000	3.218876	-0.732368	11.142000	0.094000	3.806662	-0.470004	15.079000	0.054000	4.174387	-0.347401	16.776000	0.024000	4.615121	-0.236910	23.695000	0.179000	2.564949	-1.123930
5.789000	0.074000	3.401197	-0.659246	9.040000	0.190000	3.178054	-0.773190	12.737000	0.096000	3.784190	-0.492476	14.007000	0.056000	4.158883	-0.362905	19.088000	0.024000	4.605170	-0.246860	24.527000	0.189000	2.484907	-1.203973
2.724000	0.077000	3.367296	-0.693147	8.440000	0.214000	3.135494	-0.815750	11.663000	0.103000	3.761200	-0.515466	15.962000	0.057000	4.143135	-0.378654	19.830000	0.024000	4.595120	-0.256910	21.601000	0.212000	2.397895	-1.290984
3.951000	0.101000	3.332205	-0.728239	8.947000	0.269000	3.091042	-0.860201	12.774000	0.112000	3.737670	-0.538997	14.498000	0.059000	4.127134	-0.394654	18.268000	0.026000	4.584967	-0.267063	21.510000	0.218000	2.302585	-1.386294
4.099000	0.107000	3.295837	-0.764606	8.906000	0.320000	3.044522	-0.906721	12.590000	0.126000	3.713572	-0.563094	16.297000	0.064000	4.110874	-0.410915	19.733000	0.026000	4.574711	-0.277319	24.069000	0.245000	2.197225	-1.491655
4.101000	0.107000	3.258097	-0.802346	8.866000	0.324000	2.995732	-0.955511	12.861000	0.150000	3.688879	-0.587787	16.194000	0.065000	4.094345	-0.427444	18.983000	0.027000	4.564348	-0.287682	23.664000	0.266000	2.079442	-1.609438
1.993000	0.147000	3.218876	-0.841567	8.344000	0.327000	2.944439	-1.006805	11.676000	0.152000	3.663562	-0.613104	13.883000	0.068000	4.077537	-0.444251	17.245000	0.028000	4.553877	-0.298153	23.165000	0.277000	1.945910	-1.742969
5.430000	0.180000	3.178054	-0.882389	7.770000	0.494000	2.890372	-1.060872	11.916000	0.166000	3.637586	-0.639080	14.381000	0.068000	4.060443	-0.461346	16.582000	0.030000	4.543295	-0.308735	25.335000	0.384000	1.791759	-1.897120
4.666000	0.241000	3.135494	-0.924949	9.441000	0.619000	2.833213	-1.118030	13.026000	0.196000	3.610918	-0.665748	14.473000	0.071000	4.043051	-0.478737	18.000000	0.034000	4.532599	-0.319431	26.005000	0.444000	1.609438	-2.079442
5.701000	0.268000	3.091042	-0.969401	9.200000	0.663000	2.772589	-1.178655	12.814000	0.201000	3.583519	-0.693147	14.276000	0.072000	4.025352	-0.496437	18.284000	0.034000	4.521789	-0.330242	23.797000	0.577000	1.386294	-2.302585
6.276000	0.273000	3.044522	-1.015921	8.782000	0.715000	2.708050	-1.243194	11.739000	0.211000	3.555348	-0.721318	15.605000	0.072000	4.007333	-0.514455	17.094000	0.035000	4.510860	-0.341171	22.019000	0.587000	1.098612	-2.590267
5.523000	0.283000	2.995732	-1.064711	9.817000	0.716000	2.639057	-1.312186	12.749000	0.226000	3.526361	-0.750306	14.002000	0.073000	3.988984	-0.532805	17.796000	0.036000	4.499810	-0.352221	21.792000	3.155000	0.693147	-2.995732
5.122000	0.338000	2.944439	-1.116004	9.289000	0.899000	2.564949	-1.386294	11.035000	0.237000	3.496508	-0.780159	14.641000	0.084000	3.970292	-0.551497	18.537000	0.037000	4.488636	-0.363394	24.674000	23.177000	0.000000	-3.688879
6.900000	0.338000	2.890372	-1.170071	9.184000	0.925000	2.484907	-1.466337	10.445000	0.269000	3.465736	-0.810930	15.657000	0.084000	3.951244	-0.570545	20.371000	0.037000	4.477337	-0.374693	0.000000	0.000000	0.000000	0.000000
7.247000	0.341000	2.833213	-1.227230	8.757000	1.291000	2.397895	-1.553348	10.669000	0.270000	3.433987	-0.842679	15.308000	0.089000	3.931826	-0.589963	20.517000	0.039000	4.465908	-0.386122	0.000000	0.000000	0.000000	0.000000
6.488000	0.351000	2.772589	-1.287854	9.190000	1.327000	2.302585	-1.648659	9.880000	0.280000	3.401197	-0.875469	14.275000	0.092000	3.912023	-0.609766	19.871000	0.040000	4.454347	-0.397683	0.000000	0.000000	0.000000	0.000000
7.070000	0.428000	2.708050	-1.352393	8.746000	1.496000	2.197225	-1.754019	11.610000	0.299000	3.367296	-0.909370	14.617000	0.096000	3.891820	-0.629968	17.065000	0.041000	4.442651	-0.409379	0.000000	0.000000	0.000000	0.000000
4.564000	0.592000	2.639057	-1.421386	8.984000	1.942000	2.079442	-1.871802	11.546000	0.302000	3.332205	-0.944462	13.590000	0.098000	3.871201	-0.650588	17.472000	0.042000	4.430817	-0.421213	0.000000	0.000000	0.000000	0.000000
5.404000	0.752000	2.564949	-1.495494	7.734000	1.988000	1.945910	-2.005334	13.043000	0.304000	3.295837	-0.980829	14.386000	0.099000	3.850148	-0.671641	20.516000	0.042000	4.418841	-0.433190	0.000000	0.000000	0.000000	0.000000
3.490000	0.926000	2.484907	-1.575536	9.566000	2.595000	1.791759	-2.159484	11.790000	0.309000	3.258097	-1.018570	14.783000	0.104000	3.828641	-0.693147	19.497000	0.047000	4.406719	-0.445311	0.000000	0.000000	0.000000	0.000000
7.234000	0.937000	2.397895	-1.662548	9.590000	2.765000	1.609438	-2.341806	10.662000	0.342000	3.218876	-1.057790	14.739000	0.116000	3.806662	-0.715126	19.767000	0.047000	4.394449	-0.457581	0.000000	0.000000	0.000000	0.000000
2.697000	0.954000	2.302585	-1.757858	8.520000	3.997000	1.386294	-2.564949	11.164000	0.346000	3.178054	-1.098612	16.016000	0.123000	3.784190	-0.737599	21.163000	0.047000	4.382027	-0.470004	0.000000	0.000000	0.000000	0.000000
6.161000	1.115000	2.197225	-1.863218	9.137000	5.044000	1.098612	-2.852631	12.277000	0.354000	3.135494	-1.141172	14.694000	0.141000	3.761200	-0.760588	17.970000	0.048000	4.369448	-0.482582	0.000000	0.000000	0.000000	0.000000
6.433000	1.474000	2.079442	-1.981001	9.387000	8.840000	0.693147	-3.258097	11.575000	0.362000	3.091042	-1.185624	13.263000	0.147000	3.737670	-0.784119	20.056000	0.048000	4.356709	-0.495321	0.000000	0.000000	0.000000	0.000000
4.318000	2.200000	1.945910	-2.114533	9.007000	14.166000	0.000000	-3.951244	12.658000	0.376000	3.044522	-1.232144	13.417000	0.163000	3.713572	-0.808217	19.899000	0.049000	4.343805	-0.508225	0.000000	0.000000	0.000000	0.000000
2.088000	2.321000	1.791759	-2.268684	0.000000	0.000000	0.000000	0.000000	12.563000	0.398000	2.995732	-1.280934	14.075000	0.171000	3.688879	-0.832909	21.121000	0.049000	4.330733	-0.521297	0.000000	0.000000	0.000000	0.000000
6.278000	2.396000	1.609438	-2.451005	0.000000	0.000000	0.000000	0.000000	11.061000	0.413000	2.944439	-1.332227	14.926000	0.173000	3.663562	-0.858227	20.629000	0.050000	4.317488	-0.534542	0.000000	0.000000	0.000000	0.000000
4.306000	2.576000	1.386294	-2.674149	0.000000	0.000000	0.000000	0.000000	12.011000	0.459000	2.890372	-1.386294	15.216000	0.176000	3.637586	-0.884202	20.219000	0.051000	4.304065	-0.547965	0.000000	0.000000	0.000000	0.000000
7.094000	4.547000	1.098612	-2.961831	0.000000	0.000000	0.000000	0.000000	10.299000	0.507000	2.833213	-1.443453	14.414000	0.177000	3.610918	-0.910871	17.757000	0.054000	4.290459	-0.561571	0.000000	0.000000	0.000000	0.000000
6.343000	9.411000	0.693147	-3.367296	0.000000	0.000000	0.000000	0.000000	11.874000	0.562000	2.772589	-1.504077	15.712000	0.181000	3.583519	-0.938270	16.662000	0.056000	4.276666	-0.575364	0.000000	0.000000	0.000000	0.000000
6.888000	12.110000	0.000000	-4.060443	0.000000	0.000000	0.000000	0.000000	13.072000	0.592000	2.708050	-1.568616	14.167000	0.188000	3.555348	-0.966441	18.283000	0.062000	4.262680	-0.589350	0.000000	0.000000	0.000000	0.000000
0.000000	0.000000	0.000000	0.000000	0.000000	0.000000	0.000000	0.000000	12.295000	0.601000	2.639057	-1.637609	14.973000	0.188000	3.526361	-0.995428	19.563000	0.062000	4.248495	-0.603535	0.000000	0.000000	0.000000	0.000000
0.000000	0.000000	0.000000	0.000000	0.000000	0.000000	0.000000	0.000000	11.736000	0.664000	2.564949	-1.711717	14.172000	0.190000	3.496508	-1.025281	19.780000	0.062000	4.234107	-0.617924	0.000000	0.000000	0.000000	0.000000
0.000000	0.000000	0.000000	0.000000	0.000000	0.000000	0.000000	0.000000	12.970000	0.731000	2.484907	-1.791759	14.544000	0.193000	3.465736	-1.056053	17.118000	0.063000	4.219508	-0.632523	0.000000	0.000000	0.000000	0.000000
0.000000	0.000000	0.000000	0.000000	0.000000	0.000000	0.000000	0.000000	12.970000	0.731000	2.397895	-1.878771	16.083000	0.193000	3.433987	-1.087801	18.782000	0.063000	4.204693	-0.647338	0.000000	0.000000	0.000000	0.000000
0.000000	0.000000	0.000000	0.000000	0.000000	0.000000	0.000000	0.000000	10.017000	0.736000	2.302585	-1.974081	15.077000	0.203000	3.401197	-1.120591	17.132000	0.067000	4.189655	-0.662376	0.000000	0.000000	0.000000	0.000000
0.000000	0.000000	0.000000	0.000000	0.000000	0.000000	0.000000	0.000000	11.968000	0.846000	2.197225	-2.079442	14.461000	0.210000	3.367296	-1.154493	17.814000	0.071000	4.174387	-0.677643	0.000000	0.000000	0.000000	0.000000
0.000000	0.000000	0.000000	0.000000	0.000000	0.000000	0.000000	0.000000	10.063000	0.861000	2.079442	-2.197225	13.409000	0.230000	3.332205	-1.189584	16.855000	0.076000	4.158883	-0.693147	0.000000	0.000000	0.000000	0.000000
0.000000	0.000000	0.000000	0.000000	0.000000	0.000000	0.000000	0.000000	10.312000	1.075000	1.945910	-2.330756	13.532000	0.236000	3.295837	-1.225952	19.535000	0.076000	4.143135	-0.708896	0.000000	0.000000	0.000000	0.000000
0.000000	0.000000	0.000000	0.000000	0.000000	0.000000	0.000000	0.000000	12.196000	1.991000	1.791759	-2.484907	16.371000	0.236000	3.258097	-1.263692	16.569000	0.083000	4.127134	-0.724896	0.000000	0.000000	0.000000	0.000000
0.000000	0.000000	0.000000	0.000000	0.000000	0.000000	0.000000	0.000000	10.432000	2.061000	1.609438	-2.667228	16.119000	0.313000	3.218876	-1.302913	20.565000	0.084000	4.110874	-0.741156	0.000000	0.000000	0.000000	0.000000
0.000000	0.000000	0.000000	0.000000	0.000000	0.000000	0.000000	0.000000	12.790000	3.210000	1.386294	-2.890372	14.392000	0.317000	3.178054	-1.343735	16.524000	0.104000	4.094345	-0.757686	0.000000	0.000000	0.000000	0.000000
0.000000	0.000000	0.000000	0.000000	0.000000	0.000000	0.000000	0.000000	11.115000	12.717000	1.098612	-3.178054	15.463000	0.323000	3.135494	-1.386294	18.781000	0.106000	4.077537	-0.774493	0.000000	0.000000	0.000000	0.000000
0.000000	0.000000	0.000000	0.000000	0.000000	0.000000	0.000000	0.000000	12.605000	34.374000	0.693147	-3.583519	14.290000	0.351000	3.091042	-1.430746	20.208000	0.111000	4.060443	-0.791587	0.000000	0.000000	0.000000	0.000000
0.000000	0.000000	0.000000	0.000000	0.000000	0.000000	0.000000	0.000000	12.759000	58.138000	0.000000	-4.276666	13.541000	0.363000	3.044522	-1.477266	19.127000	0.113000	4.043051	-0.808979	0.000000	0.000000	0.000000	0.000000
0.000000	0.000000	0.000000	0.000000	0.000000	0.000000	0.000000	0.000000	0.000000	0.000000	0.000000	0.000000	14.772000	0.401000	2.995732	-1.526056	19.425000	0.113000	4.025352	-0.826679	0.000000	0.000000	0.000000	0.000000
0.000000	0.000000	0.000000	0.000000	0.000000	0.000000	0.000000	0.000000	0.000000	0.000000	0.000000	0.000000	14.538000	0.451000	2.944439	-1.577350	19.403000	0.121000	4.007333	-0.844697	0.000000	0.000000	0.000000	0.000000
0.000000	0.000000	0.000000	0.000000	0.000000	0.000000	0.000000	0.000000	0.000000	0.000000	0.000000	0.000000	14.947000	0.472000	2.890372	-1.631417	18.586000	0.122000	3.988984	-0.863046	0.000000	0.000000	0.000000	0.000000
0.000000	0.000000	0.000000	0.000000	0.000000	0.000000	0.000000	0.000000	0.000000	0.000000	0.000000	0.000000	13.403000	0.593000	2.833213	-1.688575	19.095000	0.122000	3.970292	-0.881738	0.000000	0.000000	0.000000	0.000000
0.000000	0.000000	0.000000	0.000000	0.000000	0.000000	0.000000	0.000000	0.000000	0.000000	0.000000	0.000000	16.376000	0.658000	2.772589	-1.749200	20.527000	0.129000	3.951244	-0.900787	0.000000	0.000000	0.000000	0.000000
0.000000	0.000000	0.000000	0.000000	0.000000	0.000000	0.000000	0.000000	0.000000	0.000000	0.000000	0.000000	14.319000	0.734000	2.708050	-1.813738	18.071000	0.132000	3.931826	-0.920205	0.000000	0.000000	0.000000	0.000000
0.000000	0.000000	0.000000	0.000000	0.000000	0.000000	0.000000	0.000000	0.000000	0.000000	0.000000	0.000000	16.255000	0.814000	2.639057	-1.882731	19.886000	0.135000	3.912023	-0.940007	0.000000	0.000000	0.000000	0.000000
0.000000	0.000000	0.000000	0.000000	0.000000	0.000000	0.000000	0.000000	0.000000	0.000000	0.000000	0.000000	13.124000	1.238000	2.564949	-1.956839	18.049000	0.136000	3.891820	-0.960210	0.000000	0.000000	0.000000	0.000000
0.000000	0.000000	0.000000	0.000000	0.000000	0.000000	0.000000	0.000000	0.000000	0.000000	0.000000	0.000000	15.686000	1.550000	2.484907	-2.036882	17.525000	0.141000	3.871201	-0.980829	0.000000	0.000000	0.000000	0.000000
0.000000	0.000000	0.000000	0.000000	0.000000	0.000000	0.000000	0.000000	0.000000	0.000000	0.000000	0.000000	15.806000	1.648000	2.397895	-2.123893	19.401000	0.141000	3.850148	-1.001883	0.000000	0.000000	0.000000	0.000000
0.000000	0.000000	0.000000	0.000000	0.000000	0.000000	0.000000	0.000000	0.000000	0.000000	0.000000	0.000000	14.685000	1.700000	2.302585	-2.219203	17.251000	0.152000	3.828641	-1.023389	0.000000	0.000000	0.000000	0.000000
0.000000	0.000000	0.000000	0.000000	0.000000	0.000000	0.000000	0.000000	0.000000	0.000000	0.000000	0.000000	13.742000	2.105000	2.197225	-2.324564	18.139000	0.170000	3.806662	-1.045368	0.000000	0.000000	0.000000	0.000000
0.000000	0.000000	0.000000	0.000000	0.000000	0.000000	0.000000	0.000000	0.000000	0.000000	0.000000	0.000000	15.738000	2.730000	2.079442	-2.442347	19.769000	0.170000	3.784190	-1.067841	0.000000	0.000000	0.000000	0.000000
0.000000	0.000000	0.000000	0.000000	0.000000	0.000000	0.000000	0.000000	0.000000	0.000000	0.000000	0.000000	14.696000	3.660000	1.945910	-2.575878	17.167000	0.171000	3.761200	-1.090830	0.000000	0.000000	0.000000	0.000000
0.000000	0.000000	0.000000	0.000000	0.000000	0.000000	0.000000	0.000000	0.000000	0.000000	0.000000	0.000000	14.507000	5.585000	1.791759	-2.730029	17.941000	0.175000	3.737670	-1.114361	0.000000	0.000000	0.000000	0.000000
0.000000	0.000000	0.000000	0.000000	0.000000	0.000000	0.000000	0.000000	0.000000	0.000000	0.000000	0.000000	15.602000	6.057000	1.609438	-2.912351	20.426000	0.186000	3.713572	-1.138458	0.000000	0.000000	0.000000	0.000000
0.000000	0.000000	0.000000	0.000000	0.000000	0.000000	0.000000	0.000000	0.000000	0.000000	0.000000	0.000000	14.030000	6.420000	1.386294	-3.135494	17.257000	0.192000	3.688879	-1.163151	0.000000	0.000000	0.000000	0.000000
0.000000	0.000000	0.000000	0.000000	0.000000	0.000000	0.000000	0.000000	0.000000	0.000000	0.000000	0.000000	14.007000	7.224000	1.098612	-3.423176	16.440000	0.202000	3.663562	-1.188469	0.000000	0.000000	0.000000	0.000000
0.000000	0.000000	0.000000	0.000000	0.000000	0.000000	0.000000	0.000000	0.000000	0.000000	0.000000	0.000000	13.541000	34.290000	0.693147	-3.828641	16.814000	0.203000	3.637586	-1.214444	0.000000	0.000000	0.000000	0.000000
0.000000	0.000000	0.000000	0.000000	0.000000	0.000000	0.000000	0.000000	0.000000	0.000000	0.000000	0.000000	15.933000	43.360000	0.000000	-4.521789	17.465000	0.244000	3.610918	-1.241112	0.000000	0.000000	0.000000	0.000000
0.000000	0.000000	0.000000	0.000000	0.000000	0.000000	0.000000	0.000000	0.000000	0.000000	0.000000	0.000000	0.000000	0.000000	0.000000	0.000000	17.780000	0.244000	3.583519	-1.268511	0.000000	0.000000	0.000000	0.000000
0.000000	0.000000	0.000000	0.000000	0.000000	0.000000	0.000000	0.000000	0.000000	0.000000	0.000000	0.000000	0.000000	0.000000	0.000000	0.000000	19.606000	0.255000	3.555348	-1.296682	0.000000	0.000000	0.000000	0.000000
0.000000	0.000000	0.000000	0.000000	0.000000	0.000000	0.000000	0.000000	0.000000	0.000000	0.000000	0.000000	0.000000	0.000000	0.000000	0.000000	20.928000	0.260000	3.526361	-1.325670	0.000000	0.000000	0.000000	0.000000
0.000000	0.000000	0.000000	0.000000	0.000000	0.000000	0.000000	0.000000	0.000000	0.000000	0.000000	0.000000	0.000000	0.000000	0.000000	0.000000	19.756000	0.269000	3.496508	-1.355523	0.000000	0.000000	0.000000	0.000000
0.000000	0.000000	0.000000	0.000000	0.000000	0.000000	0.000000	0.000000	0.000000	0.000000	0.000000	0.000000	0.000000	0.000000	0.000000	0.000000	21.416000	0.277000	3.465736	-1.386294	0.000000	0.000000	0.000000	0.000000
0.000000	0.000000	0.000000	0.000000	0.000000	0.000000	0.000000	0.000000	0.000000	0.000000	0.000000	0.000000	0.000000	0.000000	0.000000	0.000000	17.994000	0.283000	3.433987	-1.418043	0.000000	0.000000	0.000000	0.000000
0.000000	0.000000	0.000000	0.000000	0.000000	0.000000	0.000000	0.000000	0.000000	0.000000	0.000000	0.000000	0.000000	0.000000	0.000000	0.000000	18.683000	0.322000	3.401197	-1.450833	0.000000	0.000000	0.000000	0.000000
0.000000	0.000000	0.000000	0.000000	0.000000	0.000000	0.000000	0.000000	0.000000	0.000000	0.000000	0.000000	0.000000	0.000000	0.000000	0.000000	17.495000	0.404000	3.367296	-1.484734	0.000000	0.000000	0.000000	0.000000
0.000000	0.000000	0.000000	0.000000	0.000000	0.000000	0.000000	0.000000	0.000000	0.000000	0.000000	0.000000	0.000000	0.000000	0.000000	0.000000	19.808000	0.404000	3.332205	-1.519826	0.000000	0.000000	0.000000	0.000000
0.000000	0.000000	0.000000	0.000000	0.000000	0.000000	0.000000	0.000000	0.000000	0.000000	0.000000	0.000000	0.000000	0.000000	0.000000	0.000000	17.861000	0.442000	3.295837	-1.556193	0.000000	0.000000	0.000000	0.000000
0.000000	0.000000	0.000000	0.000000	0.000000	0.000000	0.000000	0.000000	0.000000	0.000000	0.000000	0.000000	0.000000	0.000000	0.000000	0.000000	20.188000	0.464000	3.258097	-1.593934	0.000000	0.000000	0.000000	0.000000
0.000000	0.000000	0.000000	0.000000	0.000000	0.000000	0.000000	0.000000	0.000000	0.000000	0.000000	0.000000	0.000000	0.000000	0.000000	0.000000	20.497000	0.500000	3.218876	-1.633154	0.000000	0.000000	0.000000	0.000000
0.000000	0.000000	0.000000	0.000000	0.000000	0.000000	0.000000	0.000000	0.000000	0.000000	0.000000	0.000000	0.000000	0.000000	0.000000	0.000000	19.989000	0.506000	3.178054	-1.673976	0.000000	0.000000	0.000000	0.000000
0.000000	0.000000	0.000000	0.000000	0.000000	0.000000	0.000000	0.000000	0.000000	0.000000	0.000000	0.000000	0.000000	0.000000	0.000000	0.000000	17.818000	0.548000	3.135494	-1.716536	0.000000	0.000000	0.000000	0.000000
0.000000	0.000000	0.000000	0.000000	0.000000	0.000000	0.000000	0.000000	0.000000	0.000000	0.000000	0.000000	0.000000	0.000000	0.000000	0.000000	18.226000	0.563000	3.091042	-1.760988	0.000000	0.000000	0.000000	0.000000
0.000000	0.000000	0.000000	0.000000	0.000000	0.000000	0.000000	0.000000	0.000000	0.000000	0.000000	0.000000	0.000000	0.000000	0.000000	0.000000	20.850000	0.570000	3.044522	-1.807508	0.000000	0.000000	0.000000	0.000000
0.000000	0.000000	0.000000	0.000000	0.000000	0.000000	0.000000	0.000000	0.000000	0.000000	0.000000	0.000000	0.000000	0.000000	0.000000	0.000000	19.354000	0.609000	2.995732	-1.856298	0.000000	0.000000	0.000000	0.000000
0.000000	0.000000	0.000000	0.000000	0.000000	0.000000	0.000000	0.000000	0.000000	0.000000	0.000000	0.000000	0.000000	0.000000	0.000000	0.000000	19.100000	0.630000	2.944439	-1.907591	0.000000	0.000000	0.000000	0.000000
0.000000	0.000000	0.000000	0.000000	0.000000	0.000000	0.000000	0.000000	0.000000	0.000000	0.000000	0.000000	0.000000	0.000000	0.000000	0.000000	18.743000	0.631000	2.890372	-1.961659	0.000000	0.000000	0.000000	0.000000
0.000000	0.000000	0.000000	0.000000	0.000000	0.000000	0.000000	0.000000	0.000000	0.000000	0.000000	0.000000	0.000000	0.000000	0.000000	0.000000	18.797000	0.658000	2.833213	-2.018817	0.000000	0.000000	0.000000	0.000000
0.000000	0.000000	0.000000	0.000000	0.000000	0.000000	0.000000	0.000000	0.000000	0.000000	0.000000	0.000000	0.000000	0.000000	0.000000	0.000000	20.123000	0.697000	2.772589	-2.079442	0.000000	0.000000	0.000000	0.000000
0.000000	0.000000	0.000000	0.000000	0.000000	0.000000	0.000000	0.000000	0.000000	0.000000	0.000000	0.000000	0.000000	0.000000	0.000000	0.000000	18.817000	0.699000	2.708050	-2.143980	0.000000	0.000000	0.000000	0.000000
0.000000	0.000000	0.000000	0.000000	0.000000	0.000000	0.000000	0.000000	0.000000	0.000000	0.000000	0.000000	0.000000	0.000000	0.000000	0.000000	20.308000	0.712000	2.639057	-2.212973	0.000000	0.000000	0.000000	0.000000
0.000000	0.000000	0.000000	0.000000	0.000000	0.000000	0.000000	0.000000	0.000000	0.000000	0.000000	0.000000	0.000000	0.000000	0.000000	0.000000	20.732000	0.754000	2.564949	-2.287081	0.000000	0.000000	0.000000	0.000000
0.000000	0.000000	0.000000	0.000000	0.000000	0.000000	0.000000	0.000000	0.000000	0.000000	0.000000	0.000000	0.000000	0.000000	0.000000	0.000000	17.357000	1.678000	2.484907	-2.367124	0.000000	0.000000	0.000000	0.000000
0.000000	0.000000	0.000000	0.000000	0.000000	0.000000	0.000000	0.000000	0.000000	0.000000	0.000000	0.000000	0.000000	0.000000	0.000000	0.000000	19.592000	1.814000	2.397895	-2.454135	0.000000	0.000000	0.000000	0.000000
0.000000	0.000000	0.000000	0.000000	0.000000	0.000000	0.000000	0.000000	0.000000	0.000000	0.000000	0.000000	0.000000	0.000000	0.000000	0.000000	18.685000	1.984000	2.302585	-2.549445	0.000000	0.000000	0.000000	0.000000
0.000000	0.000000	0.000000	0.000000	0.000000	0.000000	0.000000	0.000000	0.000000	0.000000	0.000000	0.000000	0.000000	0.000000	0.000000	0.000000	19.538000	3.015000	2.197225	-2.654806	0.000000	0.000000	0.000000	0.000000
0.000000	0.000000	0.000000	0.000000	0.000000	0.000000	0.000000	0.000000	0.000000	0.000000	0.000000	0.000000	0.000000	0.000000	0.000000	0.000000	19.676000	3.903000	2.079442	-2.772589	0.000000	0.000000	0.000000	0.000000
0.000000	0.000000	0.000000	0.000000	0.000000	0.000000	0.000000	0.000000	0.000000	0.000000	0.000000	0.000000	0.000000	0.000000	0.000000	0.000000	18.193000	4.793000	1.945910	-2.906120	0.000000	0.000000	0.000000	0.000000
0.000000	0.000000	0.000000	0.000000	0.000000	0.000000	0.000000	0.000000	0.000000	0.000000	0.000000	0.000000	0.000000	0.000000	0.000000	0.000000	19.160000	5.069000	1.791759	-3.060271	0.000000	0.000000	0.000000	0.000000
0.000000	0.000000	0.000000	0.000000	0.000000	0.000000	0.000000	0.000000	0.000000	0.000000	0.000000	0.000000	0.000000	0.000000	0.000000	0.000000	16.490000	6.242000	1.609438	-3.242592	0.000000	0.000000	0.000000	0.000000
0.000000	0.000000	0.000000	0.000000	0.000000	0.000000	0.000000	0.000000	0.000000	0.000000	0.000000	0.000000	0.000000	0.000000	0.000000	0.000000	16.524000	7.653000	1.386294	-3.465736	0.000000	0.000000	0.000000	0.000000
0.000000	0.000000	0.000000	0.000000	0.000000	0.000000	0.000000	0.000000	0.000000	0.000000	0.000000	0.000000	0.000000	0.000000	0.000000	0.000000	18.278000	18.464000	1.098612	-3.753418	0.000000	0.000000	0.000000	0.000000
0.000000	0.000000	0.000000	0.000000	0.000000	0.000000	0.000000	0.000000	0.000000	0.000000	0.000000	0.000000	0.000000	0.000000	0.000000	0.000000	19.273000	25.714000	0.693147	-4.158883	0.000000	0.000000	0.000000	0.000000
0.000000	0.000000	0.000000	0.000000	0.000000	0.000000	0.000000	0.000000	0.000000	0.000000	0.000000	0.000000	0.000000	0.000000	0.000000	0.000000	21.104000	37.078000	0.000000	-4.852030	0.000000	0.000000	0.000000	0.000000
