6.835	0.022
7.206	0.011
7.517	0.014
4.796	0.023
11.959	0.013
8.573	0.004
10.067	0.019
12.675	0.009
12.438	0.017
10.654	0.004
13.746	0.011
5.916	0.035
12.152	0.006
9.594	0.09
8.569	0.023
13.002	0.016
14.06	0.004
11.461	0.011
8.697	0.022
13.659	0.011
7.659	0.02
19.3	0.005
8.972	0.029
15.517	0.012
10.332	0.018
11.065	0.016
14.975	0.009
6.562	0.202
11.319	0.009
10.601	0.087
14.726	0.014
11.841	0.028
11.386	0.063
7.978	0.048
7.977	0.018
9.853	0.006
8.918	0.007
8.485	0.009
15.408	0.004
7.666	0.012
8.793	0.008
8.946	0.02
9.807	0.044
8.526	0.022
5.306	0.059
6.22	0.029
9.638	0.004
7.436	0.011
4.985	0.039
7.478	0.08
8.498	0.018
5.254	0.014
12.298	0.007
8.364	0.029
4.26	0.02
3.792	0.083
2.524	0.115
9.756	0.071
11.063	0.013
7.605	0.012
6.322	0.065
11.19	0.087
10.693	0.13
10.95	0.285
10.757	0.008
17.757	0.031
11.282	0.064
16.914	0.01
7.623	0.041
14.834	0.009
22.579	0.027
14.311	0.007
15.042	0.03
9.097	0.021
10.325	0.098
15.668	0.005
16.486	0.026
13.319	0.024
15.799	0.018
12.039	0.012
15.494	0.008
9.759	0.007
16.487	0.007
10.565	0.013
10.037	0.008
14.96	0.007
16.888	0.092
11.404	0.011
15.934	0.007
11.591	0.007
9.032	0.007
9.899	0.024
13.148	0.006
12.734	0.017
4.528	0.049
5.707	0.03
8.876	0.011
4.235	0.052
4.51	0.101
11.281	0.007
6.235	0.025
6.549	0.022
5.512	0.019
7.048	0.013
4.684	0.016
5.526	0.044
8.648	0.02
3.924	0.016
7.248	0.016
3.507	0.022
7.75	0.026
5.4	0.077
7.036	0.02
6.441	0.029
4.947	0.044
8.331	0.017
4.342	0.148
6.918	0.03
10.473	0.01
5.52	0.013
3.624	0.101
7.103	0.035
9.496	0.016
9.329	0.031
6.854	0.07
9.125	0.055
7.502	0.074
5.243	0.013
4.477	0.085
4.185	0.039
2.702	0.021
7.87	0.02
10.892	0.018
6.382	0.046
7.872	0.057
7.681	0.008
6.753	0.018
7.498	0.018
7.506	0.046
4.398	0.024
7.307	0.007
7.743	0.014
6.106	0.009
5.041	0.043
5.107	0.022
8.219	0.022
7.228	0.014
5.915	0.018
3.515	0.019
5.455	0.067
5.075	0.011
2.724	0.244
5.09	0.183
10.694	0.02
10.163	1.848
3.875	0.197
6.264	0.016
7.186	0.013
8.492	0.098
8.29	0.057
8.329	0.044
8.669	0.035
8.427	0.014
11.684	0.012
6.245	0.052
8.777	0.013
13.003	0.007
6.701	0.006
9.557	0.017
8.499	0.051
12.488	0.028
9.888	0.029
11.406	0.008
10.213	1.353
4.912	0.016
5.664	0.028
5.42	0.221
8.631	0.023
8.274	0.011
4.954	0.009
8.748	0.032
10.253	0.007
13.918	0.005
5.745	0.007
13.227	0.006
8.918	0.204
12.173	0.008
10.176	0.051
3.659	0.047
9.868	0.008
6.463	0.016
12.604	0.023
6.922	0.007
7.553	0.009
8.947	0.008
6.244	0.01
7.458	0.01
5.649	0.007
11.592	0.03
4.003	0.028
6.051	0.019
7.948	0.007
9.34	0.01
5.564	0.049
5.041	0.011
6.785	0.007
6.846	0.005
9.399	0.009
11.845	0.072
8.452	0.006
12.479	0.012
10.585	0.02
4.88	0.037
6.215	0.01
7.818	0.021
10.799	0.016
8.616	0.005
9.649	0.019
7.29	0.004
4.449	0.055
7.362	0.017
2.597	0.212
10.265	0.076
8.639	0.052
6.103	0.013
8.417	4.873
2.64	0.167
11.621	0.006
4.994	0.009
3.566	0.049
7.219	0.011
6.454	0.014
5.128	0.025
13.578	0.008
17.094	0.006
8.274	0.006
8.253	0.011
10.57	0.01
15.051	0.004
9.59	0.041
9.564	0.031
8.363	0.014
9.935	0.008
8.377	0.023
7.511	0.011
10.617	0.012
2.865	0.031
18.016	0.035
11.695	0.005
9.706	0.006
9.87	0.037
8.591	0.014
13.227	0.016
10.412	0.005
13.333	0.005
9.918	0.005
16.028	0.005
10.443	0.029
14.937	0.046
16.819	0.005
9.13	0.083
16.924	0.005
10.027	0.004
11.939	0.024
5.158	0.159
4.44	0.068
14.196	0.005
10.997	0.01
11.774	0.036
9.056	0.034
13.772	0.005
5.244	0.083
7.691	0.03
11.143	0.014
6.786	0.011
14.661	0.009
4.924	0.028
7.437	0.025
5.559	0.093
4.51	0.014
4.19	0.043
10.222	0.031
7.172	0.005
6.929	0.016
10.578	0.006
12.989	0.004
13.469	0.006
10.379	0.005
8.176	0.006
8.582	0.004
15.109	0.006
8.76	0.006
17.008	0.004
16.494	0.004
17.406	0.011
17.189	0.006
16.817	0.012
10.571	0.005
15.523	0.006
9.972	0.014
13.832	0.013
5.806	0.006
2.353	0.025
5.345	0.017
7.758	0.007
4.85	0.122
10.214	0.007
3.08	0.103
7.858	0.116
9.124	0.479
4.647	0.034
4.928	0.014
7.424	0.007
5.966	0.022
15.592	0.447
11.554	0.004
11.31	0.009
6.178	3.862
11.735	1.752
4.312	0.082
7.863	0.014
10.884	0.005
6.705	0.004
7.691	0.014
7.447	0.021
9.325	0.026
3.813	0.102
6.88	0.007
6.606	0.013
9.359	0.005
6.854	0.023
7.06	0.004
3.908	0.048
1.703	0.02
6.165	0.005
5.856	0.141
7.384	0.008
7.897	0.301
6.395	0.012
4.763	0.048
6.187	0.01
9.755	0.004
10.11	0.101
6.09	0.506
8.626	0.008
15.156	0.005
14.911	0.697
15.332	0.053
16.288	0.005
12.724	0.603
19.865	0.031
13.832	0.011
9.742	0.023
7.134	0.103
10.868	0.051