Force  Lifetime  Lnp  Force  Lifetime  Lnp  Force  Lifetime  Lnp  Force  Lifetime  Lnp  Force  Lifetime  Lnp  Force  Lifetime  Lnp  Force  Lifetime  Lnp  Force  Lifetime  Lnp  Force  Lifetime  Lnp  
3.266000	0.058000	1.945910	0.000000	7.885000	0.011000	3.931826	0.000000	9.885000	0.011000	4.867534	0.000000	16.749000	0.009000	4.330733	0.000000	21.751000	0.012000	2.564949	0.000000	25.320000	0.035000	0.693147	0.000000
4.214000	0.083000	1.791759	-0.154151	9.087000	0.019000	3.912023	-0.019803	15.305000	0.011000	4.859812	-0.007722	15.772000	0.010000	4.317488	-0.013245	21.886000	0.014000	2.484907	-0.080043	27.957000	0.103000	0.000000	-0.693147
2.354000	0.085000	1.609438	-0.336472	7.415000	0.022000	3.891820	-0.040005	11.796000	0.012000	4.852030	-0.015504	17.444000	0.012000	4.304065	-0.026668	22.343000	0.035000	2.397895	-0.167054	0.000000	0.000000	0.000000	0.000000
3.402000	0.111000	1.386294	-0.559616	8.986000	0.022000	3.871201	-0.060625	10.206000	0.013000	4.844187	-0.023347	18.700000	0.013000	4.290459	-0.040274	23.186000	0.036000	2.302585	-0.262364	0.000000	0.000000	0.000000	0.000000
3.912000	0.218000	1.098612	-0.847298	8.891000	0.023000	3.850148	-0.081678	13.516000	0.013000	4.836282	-0.031253	18.024000	0.014000	4.276666	-0.054067	24.005000	0.042000	2.197225	-0.367725	0.000000	0.000000	0.000000	0.000000
4.340000	0.548000	0.693147	-1.252763	8.951000	0.023000	3.828641	-0.103184	15.192000	0.013000	4.828314	-0.039221	18.268000	0.014000	4.262680	-0.068053	23.325000	0.043000	2.079442	-0.485508	0.000000	0.000000	0.000000	0.000000
3.750000	0.793000	0.000000	-1.945910	8.859000	0.026000	3.806662	-0.125163	15.273000	0.013000	4.820282	-0.047253	15.601000	0.016000	4.248495	-0.082238	22.670000	0.046000	1.945910	-0.619039	0.000000	0.000000	0.000000	0.000000
0.000000	0.000000	0.000000	0.000000	6.753000	0.027000	3.784190	-0.147636	13.023000	0.014000	4.812184	-0.055350	15.609000	0.017000	4.234107	-0.096627	24.122000	0.049000	1.791759	-0.773190	0.000000	0.000000	0.000000	0.000000
0.000000	0.000000	0.000000	0.000000	8.344000	0.029000	3.761200	-0.170626	12.932000	0.016000	4.804021	-0.063513	18.829000	0.017000	4.219508	-0.111226	22.836000	0.116000	1.609438	-0.955511	0.000000	0.000000	0.000000	0.000000
0.000000	0.000000	0.000000	0.000000	5.987000	0.035000	3.737670	-0.194156	9.855000	0.017000	4.795791	-0.071744	19.017000	0.017000	4.204693	-0.126041	23.245000	0.163000	1.386294	-1.178655	0.000000	0.000000	0.000000	0.000000
0.000000	0.000000	0.000000	0.000000	6.094000	0.035000	3.713572	-0.218254	10.811000	0.017000	4.787492	-0.080043	19.123000	0.018000	4.189655	-0.141079	23.883000	0.163000	1.098612	-1.466337	0.000000	0.000000	0.000000	0.000000
0.000000	0.000000	0.000000	0.000000	8.906000	0.036000	3.688879	-0.242946	13.065000	0.017000	4.779123	-0.088411	21.181000	0.018000	4.174387	-0.156346	23.234000	0.242000	0.693147	-1.871802	0.000000	0.000000	0.000000	0.000000
0.000000	0.000000	0.000000	0.000000	6.966000	0.039000	3.663562	-0.268264	10.433000	0.018000	4.770685	-0.096850	19.228000	0.019000	4.158883	-0.171850	21.593000	1.487000	0.000000	-2.564949	0.000000	0.000000	0.000000	0.000000
0.000000	0.000000	0.000000	0.000000	7.186000	0.040000	3.637586	-0.294239	11.292000	0.018000	4.762174	-0.105361	17.463000	0.022000	4.143135	-0.187599	0.000000	0.000000	0.000000	0.000000	0.000000	0.000000	0.000000	0.000000
0.000000	0.000000	0.000000	0.000000	7.634000	0.040000	3.610918	-0.320908	14.045000	0.018000	4.753590	-0.113944	16.069000	0.027000	4.127134	-0.203599	0.000000	0.000000	0.000000	0.000000	0.000000	0.000000	0.000000	0.000000
0.000000	0.000000	0.000000	0.000000	6.739000	0.041000	3.583519	-0.348307	15.304000	0.019000	4.744932	-0.122602	16.222000	0.027000	4.110874	-0.219859	0.000000	0.000000	0.000000	0.000000	0.000000	0.000000	0.000000	0.000000
0.000000	0.000000	0.000000	0.000000	6.250000	0.051000	3.555348	-0.376478	9.717000	0.020000	4.736198	-0.131336	17.116000	0.028000	4.094345	-0.236389	0.000000	0.000000	0.000000	0.000000	0.000000	0.000000	0.000000	0.000000
0.000000	0.000000	0.000000	0.000000	8.901000	0.051000	3.526361	-0.405465	10.103000	0.020000	4.727388	-0.140147	15.970000	0.029000	4.077537	-0.253196	0.000000	0.000000	0.000000	0.000000	0.000000	0.000000	0.000000	0.000000
0.000000	0.000000	0.000000	0.000000	5.807000	0.054000	3.496508	-0.435318	11.988000	0.020000	4.718499	-0.149036	16.032000	0.029000	4.060443	-0.270290	0.000000	0.000000	0.000000	0.000000	0.000000	0.000000	0.000000	0.000000
0.000000	0.000000	0.000000	0.000000	8.628000	0.056000	3.465736	-0.466090	12.268000	0.020000	4.709530	-0.158004	17.378000	0.029000	4.043051	-0.287682	0.000000	0.000000	0.000000	0.000000	0.000000	0.000000	0.000000	0.000000
0.000000	0.000000	0.000000	0.000000	6.863000	0.059000	3.433987	-0.497838	12.178000	0.023000	4.700480	-0.167054	15.974000	0.030000	4.025352	-0.305382	0.000000	0.000000	0.000000	0.000000	0.000000	0.000000	0.000000	0.000000
0.000000	0.000000	0.000000	0.000000	8.742000	0.059000	3.401197	-0.530628	9.288000	0.026000	4.691348	-0.176187	17.495000	0.030000	4.007333	-0.323400	0.000000	0.000000	0.000000	0.000000	0.000000	0.000000	0.000000	0.000000
0.000000	0.000000	0.000000	0.000000	6.976000	0.060000	3.367296	-0.564530	10.933000	0.026000	4.682131	-0.185403	15.803000	0.031000	3.988984	-0.341749	0.000000	0.000000	0.000000	0.000000	0.000000	0.000000	0.000000	0.000000
0.000000	0.000000	0.000000	0.000000	7.860000	0.068000	3.332205	-0.599621	15.264000	0.026000	4.672829	-0.194706	17.425000	0.031000	3.970292	-0.360441	0.000000	0.000000	0.000000	0.000000	0.000000	0.000000	0.000000	0.000000
0.000000	0.000000	0.000000	0.000000	5.497000	0.087000	3.295837	-0.635989	14.203000	0.028000	4.663439	-0.204095	17.484000	0.031000	3.951244	-0.379490	0.000000	0.000000	0.000000	0.000000	0.000000	0.000000	0.000000	0.000000
0.000000	0.000000	0.000000	0.000000	7.855000	0.093000	3.258097	-0.673729	14.773000	0.029000	4.653960	-0.213574	16.009000	0.032000	3.931826	-0.398908	0.000000	0.000000	0.000000	0.000000	0.000000	0.000000	0.000000	0.000000
0.000000	0.000000	0.000000	0.000000	8.168000	0.133000	3.218876	-0.712950	15.202000	0.030000	4.644391	-0.223144	18.056000	0.036000	3.912023	-0.418710	0.000000	0.000000	0.000000	0.000000	0.000000	0.000000	0.000000	0.000000
0.000000	0.000000	0.000000	0.000000	8.581000	0.140000	3.178054	-0.753772	11.821000	0.032000	4.634729	-0.232805	20.895000	0.036000	3.891820	-0.438913	0.000000	0.000000	0.000000	0.000000	0.000000	0.000000	0.000000	0.000000
0.000000	0.000000	0.000000	0.000000	8.005000	0.143000	3.135494	-0.796331	12.897000	0.034000	4.624973	-0.242562	15.863000	0.038000	3.871201	-0.459532	0.000000	0.000000	0.000000	0.000000	0.000000	0.000000	0.000000	0.000000
0.000000	0.000000	0.000000	0.000000	7.646000	0.184000	3.091042	-0.840783	12.562000	0.037000	4.615121	-0.252414	16.146000	0.038000	3.850148	-0.480586	0.000000	0.000000	0.000000	0.000000	0.000000	0.000000	0.000000	0.000000
0.000000	0.000000	0.000000	0.000000	8.647000	0.210000	3.044522	-0.887303	14.408000	0.037000	4.605170	-0.262364	16.091000	0.039000	3.828641	-0.502092	0.000000	0.000000	0.000000	0.000000	0.000000	0.000000	0.000000	0.000000
0.000000	0.000000	0.000000	0.000000	7.152000	0.309000	2.995732	-0.936093	14.772000	0.037000	4.595120	-0.272415	17.094000	0.040000	3.806662	-0.524071	0.000000	0.000000	0.000000	0.000000	0.000000	0.000000	0.000000	0.000000
0.000000	0.000000	0.000000	0.000000	7.869000	0.399000	2.944439	-0.987387	10.321000	0.038000	4.584967	-0.282567	18.057000	0.042000	3.784190	-0.546544	0.000000	0.000000	0.000000	0.000000	0.000000	0.000000	0.000000	0.000000
0.000000	0.000000	0.000000	0.000000	7.787000	0.426000	2.890372	-1.041454	13.393000	0.040000	4.574711	-0.292823	16.086000	0.043000	3.761200	-0.569533	0.000000	0.000000	0.000000	0.000000	0.000000	0.000000	0.000000	0.000000
0.000000	0.000000	0.000000	0.000000	7.565000	0.492000	2.833213	-1.098612	15.439000	0.040000	4.564348	-0.303186	18.127000	0.044000	3.737670	-0.593064	0.000000	0.000000	0.000000	0.000000	0.000000	0.000000	0.000000	0.000000
0.000000	0.000000	0.000000	0.000000	7.338000	0.501000	2.772589	-1.159237	13.448000	0.041000	4.553877	-0.313658	17.130000	0.047000	3.713572	-0.617161	0.000000	0.000000	0.000000	0.000000	0.000000	0.000000	0.000000	0.000000
0.000000	0.000000	0.000000	0.000000	5.775000	0.533000	2.708050	-1.223775	12.114000	0.042000	4.543295	-0.324240	17.694000	0.050000	3.688879	-0.641854	0.000000	0.000000	0.000000	0.000000	0.000000	0.000000	0.000000	0.000000
0.000000	0.000000	0.000000	0.000000	6.439000	0.617000	2.639057	-1.292768	12.165000	0.048000	4.532599	-0.334935	17.860000	0.050000	3.663562	-0.667172	0.000000	0.000000	0.000000	0.000000	0.000000	0.000000	0.000000	0.000000
0.000000	0.000000	0.000000	0.000000	8.261000	0.880000	2.564949	-1.366876	14.231000	0.055000	4.521789	-0.345746	20.264000	0.051000	3.637586	-0.693147	0.000000	0.000000	0.000000	0.000000	0.000000	0.000000	0.000000	0.000000
0.000000	0.000000	0.000000	0.000000	7.256000	0.909000	2.484907	-1.446919	15.541000	0.055000	4.510860	-0.356675	16.772000	0.058000	3.610918	-0.719815	0.000000	0.000000	0.000000	0.000000	0.000000	0.000000	0.000000	0.000000
0.000000	0.000000	0.000000	0.000000	8.401000	1.011000	2.397895	-1.533930	10.777000	0.056000	4.499810	-0.367725	16.627000	0.059000	3.583519	-0.747214	0.000000	0.000000	0.000000	0.000000	0.000000	0.000000	0.000000	0.000000
0.000000	0.000000	0.000000	0.000000	6.031000	1.012000	2.302585	-1.629241	9.370000	0.058000	4.488636	-0.378898	19.335000	0.059000	3.555348	-0.775385	0.000000	0.000000	0.000000	0.000000	0.000000	0.000000	0.000000	0.000000
0.000000	0.000000	0.000000	0.000000	7.991000	1.143000	2.197225	-1.734601	9.411000	0.058000	4.477337	-0.390198	19.947000	0.059000	3.526361	-0.804373	0.000000	0.000000	0.000000	0.000000	0.000000	0.000000	0.000000	0.000000
0.000000	0.000000	0.000000	0.000000	8.113000	1.469000	2.079442	-1.852384	9.495000	0.062000	4.465908	-0.401626	20.453000	0.061000	3.496508	-0.834226	0.000000	0.000000	0.000000	0.000000	0.000000	0.000000	0.000000	0.000000
0.000000	0.000000	0.000000	0.000000	8.243000	1.552000	1.945910	-1.985915	11.257000	0.065000	4.454347	-0.413187	16.375000	0.065000	3.465736	-0.864997	0.000000	0.000000	0.000000	0.000000	0.000000	0.000000	0.000000	0.000000
0.000000	0.000000	0.000000	0.000000	6.909000	1.681000	1.791759	-2.140066	12.354000	0.067000	4.442651	-0.424883	19.145000	0.070000	3.433987	-0.896746	0.000000	0.000000	0.000000	0.000000	0.000000	0.000000	0.000000	0.000000
0.000000	0.000000	0.000000	0.000000	8.368000	1.710000	1.609438	-2.322388	11.027000	0.070000	4.430817	-0.436718	20.466000	0.088000	3.401197	-0.929536	0.000000	0.000000	0.000000	0.000000	0.000000	0.000000	0.000000	0.000000
0.000000	0.000000	0.000000	0.000000	7.832000	2.042000	1.386294	-2.545531	13.534000	0.072000	4.418841	-0.448694	19.738000	0.097000	3.367296	-0.963438	0.000000	0.000000	0.000000	0.000000	0.000000	0.000000	0.000000	0.000000
0.000000	0.000000	0.000000	0.000000	9.128000	3.829000	1.098612	-2.833213	13.845000	0.076000	4.406719	-0.460815	16.362000	0.110000	3.332205	-0.998529	0.000000	0.000000	0.000000	0.000000	0.000000	0.000000	0.000000	0.000000
0.000000	0.000000	0.000000	0.000000	7.430000	4.664000	0.693147	-3.238678	14.302000	0.076000	4.394449	-0.473085	19.176000	0.111000	3.295837	-1.034896	0.000000	0.000000	0.000000	0.000000	0.000000	0.000000	0.000000	0.000000
0.000000	0.000000	0.000000	0.000000	8.258000	6.424000	0.000000	-3.931826	11.176000	0.077000	4.382027	-0.485508	16.968000	0.116000	3.258097	-1.072637	0.000000	0.000000	0.000000	0.000000	0.000000	0.000000	0.000000	0.000000
0.000000	0.000000	0.000000	0.000000	0.000000	0.000000	0.000000	0.000000	9.838000	0.078000	4.369448	-0.498087	20.807000	0.117000	3.218876	-1.111858	0.000000	0.000000	0.000000	0.000000	0.000000	0.000000	0.000000	0.000000
0.000000	0.000000	0.000000	0.000000	0.000000	0.000000	0.000000	0.000000	13.177000	0.081000	4.356709	-0.510826	18.584000	0.129000	3.178054	-1.152680	0.000000	0.000000	0.000000	0.000000	0.000000	0.000000	0.000000	0.000000
0.000000	0.000000	0.000000	0.000000	0.000000	0.000000	0.000000	0.000000	13.264000	0.082000	4.343805	-0.523729	19.627000	0.145000	3.135494	-1.195239	0.000000	0.000000	0.000000	0.000000	0.000000	0.000000	0.000000	0.000000
0.000000	0.000000	0.000000	0.000000	0.000000	0.000000	0.000000	0.000000	14.099000	0.083000	4.330733	-0.536801	17.866000	0.150000	3.091042	-1.239691	0.000000	0.000000	0.000000	0.000000	0.000000	0.000000	0.000000	0.000000
0.000000	0.000000	0.000000	0.000000	0.000000	0.000000	0.000000	0.000000	13.684000	0.086000	4.317488	-0.550046	15.780000	0.165000	3.044522	-1.286211	0.000000	0.000000	0.000000	0.000000	0.000000	0.000000	0.000000	0.000000
0.000000	0.000000	0.000000	0.000000	0.000000	0.000000	0.000000	0.000000	12.061000	0.087000	4.304065	-0.563469	17.881000	0.172000	2.995732	-1.335001	0.000000	0.000000	0.000000	0.000000	0.000000	0.000000	0.000000	0.000000
0.000000	0.000000	0.000000	0.000000	0.000000	0.000000	0.000000	0.000000	14.971000	0.087000	4.290459	-0.577075	19.695000	0.174000	2.944439	-1.386294	0.000000	0.000000	0.000000	0.000000	0.000000	0.000000	0.000000	0.000000
0.000000	0.000000	0.000000	0.000000	0.000000	0.000000	0.000000	0.000000	14.520000	0.095000	4.276666	-0.590868	15.876000	0.185000	2.890372	-1.440362	0.000000	0.000000	0.000000	0.000000	0.000000	0.000000	0.000000	0.000000
0.000000	0.000000	0.000000	0.000000	0.000000	0.000000	0.000000	0.000000	11.359000	0.096000	4.262680	-0.604855	17.060000	0.191000	2.833213	-1.497520	0.000000	0.000000	0.000000	0.000000	0.000000	0.000000	0.000000	0.000000
0.000000	0.000000	0.000000	0.000000	0.000000	0.000000	0.000000	0.000000	10.657000	0.103000	4.248495	-0.619039	17.134000	0.197000	2.772589	-1.558145	0.000000	0.000000	0.000000	0.000000	0.000000	0.000000	0.000000	0.000000
0.000000	0.000000	0.000000	0.000000	0.000000	0.000000	0.000000	0.000000	11.917000	0.113000	4.234107	-0.633428	15.811000	0.248000	2.708050	-1.622683	0.000000	0.000000	0.000000	0.000000	0.000000	0.000000	0.000000	0.000000
0.000000	0.000000	0.000000	0.000000	0.000000	0.000000	0.000000	0.000000	14.307000	0.125000	4.219508	-0.648027	20.309000	0.251000	2.639057	-1.691676	0.000000	0.000000	0.000000	0.000000	0.000000	0.000000	0.000000	0.000000
0.000000	0.000000	0.000000	0.000000	0.000000	0.000000	0.000000	0.000000	10.933000	0.126000	4.204693	-0.662842	17.778000	0.302000	2.564949	-1.765784	0.000000	0.000000	0.000000	0.000000	0.000000	0.000000	0.000000	0.000000
0.000000	0.000000	0.000000	0.000000	0.000000	0.000000	0.000000	0.000000	14.446000	0.129000	4.189655	-0.677880	21.195000	0.327000	2.484907	-1.845827	0.000000	0.000000	0.000000	0.000000	0.000000	0.000000	0.000000	0.000000
0.000000	0.000000	0.000000	0.000000	0.000000	0.000000	0.000000	0.000000	11.680000	0.139000	4.174387	-0.693147	15.807000	0.394000	2.397895	-1.932838	0.000000	0.000000	0.000000	0.000000	0.000000	0.000000	0.000000	0.000000
0.000000	0.000000	0.000000	0.000000	0.000000	0.000000	0.000000	0.000000	13.850000	0.146000	4.158883	-0.708651	20.461000	0.401000	2.302585	-2.028148	0.000000	0.000000	0.000000	0.000000	0.000000	0.000000	0.000000	0.000000
0.000000	0.000000	0.000000	0.000000	0.000000	0.000000	0.000000	0.000000	13.415000	0.152000	4.143135	-0.724400	17.799000	0.536000	2.197225	-2.133509	0.000000	0.000000	0.000000	0.000000	0.000000	0.000000	0.000000	0.000000
0.000000	0.000000	0.000000	0.000000	0.000000	0.000000	0.000000	0.000000	14.524000	0.153000	4.127134	-0.740400	16.165000	0.596000	2.079442	-2.251292	0.000000	0.000000	0.000000	0.000000	0.000000	0.000000	0.000000	0.000000
0.000000	0.000000	0.000000	0.000000	0.000000	0.000000	0.000000	0.000000	13.756000	0.157000	4.110874	-0.756661	17.015000	0.734000	1.945910	-2.384823	0.000000	0.000000	0.000000	0.000000	0.000000	0.000000	0.000000	0.000000
0.000000	0.000000	0.000000	0.000000	0.000000	0.000000	0.000000	0.000000	13.713000	0.168000	4.094345	-0.773190	15.822000	0.777000	1.791759	-2.538974	0.000000	0.000000	0.000000	0.000000	0.000000	0.000000	0.000000	0.000000
0.000000	0.000000	0.000000	0.000000	0.000000	0.000000	0.000000	0.000000	13.504000	0.176000	4.077537	-0.789997	16.896000	0.892000	1.609438	-2.721295	0.000000	0.000000	0.000000	0.000000	0.000000	0.000000	0.000000	0.000000
0.000000	0.000000	0.000000	0.000000	0.000000	0.000000	0.000000	0.000000	11.193000	0.188000	4.060443	-0.807091	16.445000	2.177000	1.386294	-2.944439	0.000000	0.000000	0.000000	0.000000	0.000000	0.000000	0.000000	0.000000
0.000000	0.000000	0.000000	0.000000	0.000000	0.000000	0.000000	0.000000	13.684000	0.189000	4.043051	-0.824483	19.679000	2.505000	1.098612	-3.232121	0.000000	0.000000	0.000000	0.000000	0.000000	0.000000	0.000000	0.000000
0.000000	0.000000	0.000000	0.000000	0.000000	0.000000	0.000000	0.000000	12.295000	0.191000	4.025352	-0.842183	19.871000	7.225000	0.693147	-3.637586	0.000000	0.000000	0.000000	0.000000	0.000000	0.000000	0.000000	0.000000
0.000000	0.000000	0.000000	0.000000	0.000000	0.000000	0.000000	0.000000	13.186000	0.202000	4.007333	-0.860201	16.800000	7.763000	0.000000	-4.330733	0.000000	0.000000	0.000000	0.000000	0.000000	0.000000	0.000000	0.000000
0.000000	0.000000	0.000000	0.000000	0.000000	0.000000	0.000000	0.000000	13.982000	0.208000	3.988984	-0.878550	0.000000	0.000000	0.000000	0.000000	0.000000	0.000000	0.000000	0.000000	0.000000	0.000000	0.000000	0.000000
0.000000	0.000000	0.000000	0.000000	0.000000	0.000000	0.000000	0.000000	12.373000	0.209000	3.970292	-0.897243	0.000000	0.000000	0.000000	0.000000	0.000000	0.000000	0.000000	0.000000	0.000000	0.000000	0.000000	0.000000
0.000000	0.000000	0.000000	0.000000	0.000000	0.000000	0.000000	0.000000	14.936000	0.228000	3.951244	-0.916291	0.000000	0.000000	0.000000	0.000000	0.000000	0.000000	0.000000	0.000000	0.000000	0.000000	0.000000	0.000000
0.000000	0.000000	0.000000	0.000000	0.000000	0.000000	0.000000	0.000000	9.383000	0.233000	3.931826	-0.935709	0.000000	0.000000	0.000000	0.000000	0.000000	0.000000	0.000000	0.000000	0.000000	0.000000	0.000000	0.000000
0.000000	0.000000	0.000000	0.000000	0.000000	0.000000	0.000000	0.000000	11.985000	0.240000	3.912023	-0.955511	0.000000	0.000000	0.000000	0.000000	0.000000	0.000000	0.000000	0.000000	0.000000	0.000000	0.000000	0.000000
0.000000	0.000000	0.000000	0.000000	0.000000	0.000000	0.000000	0.000000	12.129000	0.276000	3.891820	-0.975714	0.000000	0.000000	0.000000	0.000000	0.000000	0.000000	0.000000	0.000000	0.000000	0.000000	0.000000	0.000000
0.000000	0.000000	0.000000	0.000000	0.000000	0.000000	0.000000	0.000000	12.035000	0.313000	3.871201	-0.996333	0.000000	0.000000	0.000000	0.000000	0.000000	0.000000	0.000000	0.000000	0.000000	0.000000	0.000000	0.000000
0.000000	0.000000	0.000000	0.000000	0.000000	0.000000	0.000000	0.000000	10.839000	0.316000	3.850148	-1.017387	0.000000	0.000000	0.000000	0.000000	0.000000	0.000000	0.000000	0.000000	0.000000	0.000000	0.000000	0.000000
0.000000	0.000000	0.000000	0.000000	0.000000	0.000000	0.000000	0.000000	14.572000	0.338000	3.828641	-1.038893	0.000000	0.000000	0.000000	0.000000	0.000000	0.000000	0.000000	0.000000	0.000000	0.000000	0.000000	0.000000
0.000000	0.000000	0.000000	0.000000	0.000000	0.000000	0.000000	0.000000	9.766000	0.360000	3.806662	-1.060872	0.000000	0.000000	0.000000	0.000000	0.000000	0.000000	0.000000	0.000000	0.000000	0.000000	0.000000	0.000000
0.000000	0.000000	0.000000	0.000000	0.000000	0.000000	0.000000	0.000000	9.222000	0.377000	3.784190	-1.083345	0.000000	0.000000	0.000000	0.000000	0.000000	0.000000	0.000000	0.000000	0.000000	0.000000	0.000000	0.000000
0.000000	0.000000	0.000000	0.000000	0.000000	0.000000	0.000000	0.000000	13.491000	0.393000	3.761200	-1.106334	0.000000	0.000000	0.000000	0.000000	0.000000	0.000000	0.000000	0.000000	0.000000	0.000000	0.000000	0.000000
0.000000	0.000000	0.000000	0.000000	0.000000	0.000000	0.000000	0.000000	9.944000	0.394000	3.737670	-1.129865	0.000000	0.000000	0.000000	0.000000	0.000000	0.000000	0.000000	0.000000	0.000000	0.000000	0.000000	0.000000
0.000000	0.000000	0.000000	0.000000	0.000000	0.000000	0.000000	0.000000	9.787000	0.430000	3.713572	-1.153962	0.000000	0.000000	0.000000	0.000000	0.000000	0.000000	0.000000	0.000000	0.000000	0.000000	0.000000	0.000000
0.000000	0.000000	0.000000	0.000000	0.000000	0.000000	0.000000	0.000000	13.223000	0.449000	3.688879	-1.178655	0.000000	0.000000	0.000000	0.000000	0.000000	0.000000	0.000000	0.000000	0.000000	0.000000	0.000000	0.000000
0.000000	0.000000	0.000000	0.000000	0.000000	0.000000	0.000000	0.000000	11.153000	0.496000	3.663562	-1.203973	0.000000	0.000000	0.000000	0.000000	0.000000	0.000000	0.000000	0.000000	0.000000	0.000000	0.000000	0.000000
0.000000	0.000000	0.000000	0.000000	0.000000	0.000000	0.000000	0.000000	13.683000	0.521000	3.637586	-1.229948	0.000000	0.000000	0.000000	0.000000	0.000000	0.000000	0.000000	0.000000	0.000000	0.000000	0.000000	0.000000
0.000000	0.000000	0.000000	0.000000	0.000000	0.000000	0.000000	0.000000	14.349000	0.646000	3.610918	-1.256617	0.000000	0.000000	0.000000	0.000000	0.000000	0.000000	0.000000	0.000000	0.000000	0.000000	0.000000	0.000000
0.000000	0.000000	0.000000	0.000000	0.000000	0.000000	0.000000	0.000000	14.274000	0.674000	3.583519	-1.284016	0.000000	0.000000	0.000000	0.000000	0.000000	0.000000	0.000000	0.000000	0.000000	0.000000	0.000000	0.000000
0.000000	0.000000	0.000000	0.000000	0.000000	0.000000	0.000000	0.000000	9.723000	0.768000	3.555348	-1.312186	0.000000	0.000000	0.000000	0.000000	0.000000	0.000000	0.000000	0.000000	0.000000	0.000000	0.000000	0.000000
0.000000	0.000000	0.000000	0.000000	0.000000	0.000000	0.000000	0.000000	13.950000	0.774000	3.526361	-1.341174	0.000000	0.000000	0.000000	0.000000	0.000000	0.000000	0.000000	0.000000	0.000000	0.000000	0.000000	0.000000
0.000000	0.000000	0.000000	0.000000	0.000000	0.000000	0.000000	0.000000	9.958000	0.776000	3.496508	-1.371027	0.000000	0.000000	0.000000	0.000000	0.000000	0.000000	0.000000	0.000000	0.000000	0.000000	0.000000	0.000000
0.000000	0.000000	0.000000	0.000000	0.000000	0.000000	0.000000	0.000000	10.768000	0.799000	3.465736	-1.401799	0.000000	0.000000	0.000000	0.000000	0.000000	0.000000	0.000000	0.000000	0.000000	0.000000	0.000000	0.000000
0.000000	0.000000	0.000000	0.000000	0.000000	0.000000	0.000000	0.000000	11.295000	0.801000	3.433987	-1.433547	0.000000	0.000000	0.000000	0.000000	0.000000	0.000000	0.000000	0.000000	0.000000	0.000000	0.000000	0.000000
0.000000	0.000000	0.000000	0.000000	0.000000	0.000000	0.000000	0.000000	13.700000	0.844000	3.401197	-1.466337	0.000000	0.000000	0.000000	0.000000	0.000000	0.000000	0.000000	0.000000	0.000000	0.000000	0.000000	0.000000
0.000000	0.000000	0.000000	0.000000	0.000000	0.000000	0.000000	0.000000	10.200000	0.890000	3.367296	-1.500239	0.000000	0.000000	0.000000	0.000000	0.000000	0.000000	0.000000	0.000000	0.000000	0.000000	0.000000	0.000000
0.000000	0.000000	0.000000	0.000000	0.000000	0.000000	0.000000	0.000000	10.493000	1.035000	3.332205	-1.535330	0.000000	0.000000	0.000000	0.000000	0.000000	0.000000	0.000000	0.000000	0.000000	0.000000	0.000000	0.000000
0.000000	0.000000	0.000000	0.000000	0.000000	0.000000	0.000000	0.000000	11.214000	1.062000	3.295837	-1.571698	0.000000	0.000000	0.000000	0.000000	0.000000	0.000000	0.000000	0.000000	0.000000	0.000000	0.000000	0.000000
0.000000	0.000000	0.000000	0.000000	0.000000	0.000000	0.000000	0.000000	12.566000	1.154000	3.258097	-1.609438	0.000000	0.000000	0.000000	0.000000	0.000000	0.000000	0.000000	0.000000	0.000000	0.000000	0.000000	0.000000
0.000000	0.000000	0.000000	0.000000	0.000000	0.000000	0.000000	0.000000	12.199000	1.193000	3.218876	-1.648659	0.000000	0.000000	0.000000	0.000000	0.000000	0.000000	0.000000	0.000000	0.000000	0.000000	0.000000	0.000000
0.000000	0.000000	0.000000	0.000000	0.000000	0.000000	0.000000	0.000000	10.455000	1.196000	3.178054	-1.689481	0.000000	0.000000	0.000000	0.000000	0.000000	0.000000	0.000000	0.000000	0.000000	0.000000	0.000000	0.000000
0.000000	0.000000	0.000000	0.000000	0.000000	0.000000	0.000000	0.000000	12.042000	1.232000	3.135494	-1.732040	0.000000	0.000000	0.000000	0.000000	0.000000	0.000000	0.000000	0.000000	0.000000	0.000000	0.000000	0.000000
0.000000	0.000000	0.000000	0.000000	0.000000	0.000000	0.000000	0.000000	14.105000	1.239000	3.091042	-1.776492	0.000000	0.000000	0.000000	0.000000	0.000000	0.000000	0.000000	0.000000	0.000000	0.000000	0.000000	0.000000
0.000000	0.000000	0.000000	0.000000	0.000000	0.000000	0.000000	0.000000	12.597000	1.308000	3.044522	-1.823012	0.000000	0.000000	0.000000	0.000000	0.000000	0.000000	0.000000	0.000000	0.000000	0.000000	0.000000	0.000000
0.000000	0.000000	0.000000	0.000000	0.000000	0.000000	0.000000	0.000000	13.422000	1.345000	2.995732	-1.871802	0.000000	0.000000	0.000000	0.000000	0.000000	0.000000	0.000000	0.000000	0.000000	0.000000	0.000000	0.000000
0.000000	0.000000	0.000000	0.000000	0.000000	0.000000	0.000000	0.000000	10.320000	1.523000	2.944439	-1.923095	0.000000	0.000000	0.000000	0.000000	0.000000	0.000000	0.000000	0.000000	0.000000	0.000000	0.000000	0.000000
0.000000	0.000000	0.000000	0.000000	0.000000	0.000000	0.000000	0.000000	10.889000	1.722000	2.890372	-1.977163	0.000000	0.000000	0.000000	0.000000	0.000000	0.000000	0.000000	0.000000	0.000000	0.000000	0.000000	0.000000
0.000000	0.000000	0.000000	0.000000	0.000000	0.000000	0.000000	0.000000	10.668000	1.787000	2.833213	-2.034321	0.000000	0.000000	0.000000	0.000000	0.000000	0.000000	0.000000	0.000000	0.000000	0.000000	0.000000	0.000000
0.000000	0.000000	0.000000	0.000000	0.000000	0.000000	0.000000	0.000000	13.929000	1.799000	2.772589	-2.094946	0.000000	0.000000	0.000000	0.000000	0.000000	0.000000	0.000000	0.000000	0.000000	0.000000	0.000000	0.000000
0.000000	0.000000	0.000000	0.000000	0.000000	0.000000	0.000000	0.000000	11.926000	1.993000	2.708050	-2.159484	0.000000	0.000000	0.000000	0.000000	0.000000	0.000000	0.000000	0.000000	0.000000	0.000000	0.000000	0.000000
0.000000	0.000000	0.000000	0.000000	0.000000	0.000000	0.000000	0.000000	12.052000	2.024000	2.639057	-2.228477	0.000000	0.000000	0.000000	0.000000	0.000000	0.000000	0.000000	0.000000	0.000000	0.000000	0.000000	0.000000
0.000000	0.000000	0.000000	0.000000	0.000000	0.000000	0.000000	0.000000	13.778000	2.495000	2.564949	-2.302585	0.000000	0.000000	0.000000	0.000000	0.000000	0.000000	0.000000	0.000000	0.000000	0.000000	0.000000	0.000000
0.000000	0.000000	0.000000	0.000000	0.000000	0.000000	0.000000	0.000000	12.541000	2.681000	2.484907	-2.382628	0.000000	0.000000	0.000000	0.000000	0.000000	0.000000	0.000000	0.000000	0.000000	0.000000	0.000000	0.000000
0.000000	0.000000	0.000000	0.000000	0.000000	0.000000	0.000000	0.000000	11.740000	3.674000	2.397895	-2.469639	0.000000	0.000000	0.000000	0.000000	0.000000	0.000000	0.000000	0.000000	0.000000	0.000000	0.000000	0.000000
0.000000	0.000000	0.000000	0.000000	0.000000	0.000000	0.000000	0.000000	10.770000	4.246000	2.302585	-2.564949	0.000000	0.000000	0.000000	0.000000	0.000000	0.000000	0.000000	0.000000	0.000000	0.000000	0.000000	0.000000
0.000000	0.000000	0.000000	0.000000	0.000000	0.000000	0.000000	0.000000	11.905000	4.363000	2.197225	-2.670310	0.000000	0.000000	0.000000	0.000000	0.000000	0.000000	0.000000	0.000000	0.000000	0.000000	0.000000	0.000000
0.000000	0.000000	0.000000	0.000000	0.000000	0.000000	0.000000	0.000000	14.789000	5.486000	2.079442	-2.788093	0.000000	0.000000	0.000000	0.000000	0.000000	0.000000	0.000000	0.000000	0.000000	0.000000	0.000000	0.000000
0.000000	0.000000	0.000000	0.000000	0.000000	0.000000	0.000000	0.000000	15.058000	5.516000	1.945910	-2.921624	0.000000	0.000000	0.000000	0.000000	0.000000	0.000000	0.000000	0.000000	0.000000	0.000000	0.000000	0.000000
0.000000	0.000000	0.000000	0.000000	0.000000	0.000000	0.000000	0.000000	9.548000	6.436000	1.791759	-3.075775	0.000000	0.000000	0.000000	0.000000	0.000000	0.000000	0.000000	0.000000	0.000000	0.000000	0.000000	0.000000
0.000000	0.000000	0.000000	0.000000	0.000000	0.000000	0.000000	0.000000	12.465000	6.547000	1.609438	-3.258097	0.000000	0.000000	0.000000	0.000000	0.000000	0.000000	0.000000	0.000000	0.000000	0.000000	0.000000	0.000000
0.000000	0.000000	0.000000	0.000000	0.000000	0.000000	0.000000	0.000000	10.575000	7.072000	1.386294	-3.481240	0.000000	0.000000	0.000000	0.000000	0.000000	0.000000	0.000000	0.000000	0.000000	0.000000	0.000000	0.000000
0.000000	0.000000	0.000000	0.000000	0.000000	0.000000	0.000000	0.000000	14.443000	7.307000	1.098612	-3.768922	0.000000	0.000000	0.000000	0.000000	0.000000	0.000000	0.000000	0.000000	0.000000	0.000000	0.000000	0.000000
0.000000	0.000000	0.000000	0.000000	0.000000	0.000000	0.000000	0.000000	12.726000	8.288000	0.693147	-4.174387	0.000000	0.000000	0.000000	0.000000	0.000000	0.000000	0.000000	0.000000	0.000000	0.000000	0.000000	0.000000
0.000000	0.000000	0.000000	0.000000	0.000000	0.000000	0.000000	0.000000	15.139000	8.843000	0.000000	-4.867534	0.000000	0.000000	0.000000	0.000000	0.000000	0.000000	0.000000	0.000000	0.000000	0.000000	0.000000	0.000000
