Force  Lifetime  Lnp  Force  Lifetime  Lnp  Force  Lifetime  Lnp  Force  Lifetime  Lnp  Force  Lifetime  Lnp  Force  Lifetime  Lnp  Force  Lifetime  Lnp  Force  Lifetime  Lnp  Force  Lifetime  Lnp  
5.353000	0.006000	3.931826	0.000000	9.253000	0.004000	5.068904	0.000000	11.868000	0.006000	5.176150	0.000000	20.244000	0.003000	5.017280	0.000000	24.564000	0.009000	3.951244	0.000000	28.578000	0.016000	2.079442	0.000000
4.515000	0.010000	3.912023	-0.019803	10.380000	0.004000	5.062595	-0.006309	12.290000	0.006000	5.170484	-0.005666	18.572000	0.005000	5.010635	-0.006645	23.166000	0.010000	3.931826	-0.019418	29.341000	0.023000	1.945910	-0.133531
5.460000	0.010000	3.891820	-0.040005	10.428000	0.004000	5.056246	-0.012658	12.449000	0.006000	5.164786	-0.011364	16.191000	0.006000	5.003946	-0.013334	21.538000	0.011000	3.912023	-0.039221	29.815000	0.038000	1.791759	-0.287682
5.606000	0.011000	3.871201	-0.060625	10.431000	0.004000	5.049856	-0.019048	12.646000	0.006000	5.159055	-0.017094	16.717000	0.006000	4.997212	-0.020068	25.207000	0.011000	3.891820	-0.059423	28.374000	0.046000	1.609438	-0.470004
4.902000	0.012000	3.850148	-0.081678	11.398000	0.004000	5.043425	-0.025479	13.295000	0.006000	5.153292	-0.022858	17.806000	0.006000	4.990433	-0.026847	25.459000	0.011000	3.871201	-0.080043	29.278000	0.049000	1.386294	-0.693147
3.649000	0.014000	3.828641	-0.103184	7.376000	0.005000	5.036953	-0.031952	13.671000	0.007000	5.147494	-0.028655	18.034000	0.006000	4.983607	-0.033673	22.019000	0.012000	3.850148	-0.101096	30.886000	0.055000	1.098612	-0.980829
6.431000	0.014000	3.806662	-0.125163	7.160000	0.006000	5.030438	-0.038466	11.799000	0.009000	5.141664	-0.034486	18.614000	0.006000	4.976734	-0.040546	25.820000	0.012000	3.828641	-0.122602	28.481000	0.085000	0.693147	-1.386294
6.531000	0.016000	3.784190	-0.147636	9.678000	0.006000	5.023881	-0.045024	11.943000	0.009000	5.135798	-0.040351	21.253000	0.006000	4.969813	-0.047467	27.841000	0.012000	3.806662	-0.144581	28.811000	0.119000	0.000000	-2.079442
6.587000	0.016000	3.761200	-0.170626	9.779000	0.007000	5.017280	-0.051624	12.949000	0.009000	5.129899	-0.046251	16.430000	0.007000	4.962845	-0.054435	21.664000	0.016000	3.784190	-0.167054	0.000000	0.000000	0.000000	0.000000
4.338000	0.017000	3.737670	-0.194156	10.349000	0.007000	5.010635	-0.058269	13.010000	0.009000	5.123964	-0.052186	16.443000	0.007000	4.955827	-0.061453	22.828000	0.016000	3.761200	-0.190044	0.000000	0.000000	0.000000	0.000000
6.483000	0.017000	3.713572	-0.218254	10.971000	0.007000	5.003946	-0.064958	14.290000	0.009000	5.117994	-0.058156	16.624000	0.008000	4.948760	-0.068520	22.849000	0.017000	3.737670	-0.213574	0.000000	0.000000	0.000000	0.000000
6.735000	0.017000	3.688879	-0.242946	10.503000	0.008000	4.997212	-0.071692	12.097000	0.010000	5.111988	-0.064162	20.866000	0.008000	4.941642	-0.075637	22.374000	0.019000	3.713572	-0.237672	0.000000	0.000000	0.000000	0.000000
6.482000	0.018000	3.663562	-0.268264	10.835000	0.008000	4.990433	-0.078472	13.340000	0.010000	5.105945	-0.070204	17.178000	0.009000	4.934474	-0.082806	23.769000	0.019000	3.688879	-0.262364	0.000000	0.000000	0.000000	0.000000
6.824000	0.018000	3.637586	-0.294239	11.409000	0.008000	4.983607	-0.085298	11.832000	0.012000	5.099866	-0.076283	17.296000	0.009000	4.927254	-0.090026	27.611000	0.022000	3.663562	-0.287682	0.000000	0.000000	0.000000	0.000000
6.451000	0.019000	3.610918	-0.320908	11.563000	0.008000	4.976734	-0.092170	12.161000	0.012000	5.093750	-0.082400	18.698000	0.009000	4.919981	-0.097299	21.383000	0.023000	3.637586	-0.313658	0.000000	0.000000	0.000000	0.000000
6.508000	0.019000	3.583519	-0.348307	9.093000	0.009000	4.969813	-0.099091	12.991000	0.012000	5.087596	-0.088553	18.973000	0.009000	4.912655	-0.104625	24.101000	0.026000	3.610918	-0.340326	0.000000	0.000000	0.000000	0.000000
6.655000	0.021000	3.555348	-0.376478	9.507000	0.009000	4.962845	-0.106060	14.928000	0.012000	5.081404	-0.094745	19.595000	0.009000	4.905275	-0.112005	25.131000	0.026000	3.583519	-0.367725	0.000000	0.000000	0.000000	0.000000
3.169000	0.023000	3.526361	-0.405465	9.649000	0.009000	4.955827	-0.113077	13.435000	0.014000	5.075174	-0.100976	20.466000	0.009000	4.897840	-0.119440	25.533000	0.028000	3.555348	-0.395896	0.000000	0.000000	0.000000	0.000000
5.819000	0.025000	3.496508	-0.435318	10.689000	0.009000	4.948760	-0.120144	14.129000	0.014000	5.068904	-0.107246	19.623000	0.010000	4.890349	-0.126931	23.608000	0.030000	3.526361	-0.424883	0.000000	0.000000	0.000000	0.000000
5.753000	0.026000	3.465736	-0.466090	10.819000	0.009000	4.941642	-0.127262	14.574000	0.016000	5.062595	-0.113555	17.188000	0.011000	4.882802	-0.134478	24.815000	0.030000	3.496508	-0.454736	0.000000	0.000000	0.000000	0.000000
6.102000	0.027000	3.433987	-0.497838	11.038000	0.009000	4.934474	-0.134430	11.825000	0.017000	5.056246	-0.119904	18.146000	0.011000	4.875197	-0.142083	22.416000	0.031000	3.465736	-0.485508	0.000000	0.000000	0.000000	0.000000
3.285000	0.029000	3.401197	-0.530628	10.908000	0.010000	4.927254	-0.141651	12.791000	0.017000	5.049856	-0.126294	18.315000	0.011000	4.867534	-0.149745	21.631000	0.033000	3.433987	-0.517257	0.000000	0.000000	0.000000	0.000000
4.062000	0.029000	3.367296	-0.564530	9.246000	0.011000	4.919981	-0.148923	13.519000	0.017000	5.043425	-0.132725	21.194000	0.011000	4.859812	-0.157467	21.471000	0.037000	3.401197	-0.550046	0.000000	0.000000	0.000000	0.000000
3.754000	0.030000	3.332205	-0.599621	9.620000	0.011000	4.912655	-0.156249	15.493000	0.017000	5.036953	-0.139197	17.514000	0.012000	4.852030	-0.165250	23.537000	0.037000	3.367296	-0.583948	0.000000	0.000000	0.000000	0.000000
6.390000	0.031000	3.295837	-0.635989	10.438000	0.011000	4.905275	-0.163629	12.617000	0.018000	5.030438	-0.145712	17.869000	0.012000	4.844187	-0.173093	25.553000	0.037000	3.332205	-0.619039	0.000000	0.000000	0.000000	0.000000
4.415000	0.032000	3.258097	-0.673729	11.421000	0.011000	4.897840	-0.171064	13.643000	0.019000	5.023881	-0.152269	18.354000	0.012000	4.836282	-0.180998	22.133000	0.038000	3.295837	-0.655407	0.000000	0.000000	0.000000	0.000000
6.868000	0.032000	3.218876	-0.712950	11.450000	0.011000	4.890349	-0.178555	13.859000	0.019000	5.017280	-0.158870	21.248000	0.012000	4.828314	-0.188966	26.947000	0.038000	3.258097	-0.693147	0.000000	0.000000	0.000000	0.000000
6.866000	0.033000	3.178054	-0.753772	7.794000	0.012000	4.882802	-0.186102	14.267000	0.019000	5.010635	-0.165514	17.316000	0.013000	4.820282	-0.196998	22.079000	0.043000	3.218876	-0.732368	0.000000	0.000000	0.000000	0.000000
3.572000	0.038000	3.135494	-0.796331	8.038000	0.012000	4.875197	-0.193707	15.113000	0.019000	5.003946	-0.172203	17.328000	0.013000	4.812184	-0.205095	25.554000	0.046000	3.178054	-0.773190	0.000000	0.000000	0.000000	0.000000
4.249000	0.038000	3.091042	-0.840783	9.238000	0.012000	4.867534	-0.201370	16.027000	0.019000	4.997212	-0.178937	20.361000	0.013000	4.804021	-0.213259	23.948000	0.049000	3.135494	-0.815750	0.000000	0.000000	0.000000	0.000000
6.144000	0.040000	3.044522	-0.887303	9.384000	0.012000	4.859812	-0.209092	14.387000	0.020000	4.990433	-0.185717	17.983000	0.014000	4.795791	-0.221489	23.963000	0.050000	3.091042	-0.860201	0.000000	0.000000	0.000000	0.000000
6.363000	0.041000	2.995732	-0.936093	9.489000	0.012000	4.852030	-0.216874	15.697000	0.020000	4.983607	-0.192543	18.183000	0.016000	4.787492	-0.229788	22.407000	0.051000	3.044522	-0.906721	0.000000	0.000000	0.000000	0.000000
3.992000	0.042000	2.944439	-0.987387	9.610000	0.012000	4.844187	-0.224717	11.843000	0.021000	4.976734	-0.199416	18.217000	0.016000	4.779123	-0.238156	23.274000	0.053000	2.995732	-0.955511	0.000000	0.000000	0.000000	0.000000
6.656000	0.042000	2.890372	-1.041454	10.790000	0.012000	4.836282	-0.232622	12.494000	0.021000	4.969813	-0.206336	18.760000	0.016000	4.770685	-0.246595	21.966000	0.054000	2.944439	-1.006805	0.000000	0.000000	0.000000	0.000000
4.345000	0.063000	2.833213	-1.098612	11.287000	0.012000	4.828314	-0.240590	12.873000	0.021000	4.962845	-0.213305	20.107000	0.016000	4.762174	-0.255106	22.921000	0.060000	2.890372	-1.060872	0.000000	0.000000	0.000000	0.000000
4.612000	0.064000	2.772589	-1.159237	7.725000	0.013000	4.820282	-0.248623	12.324000	0.022000	4.955827	-0.220323	16.158000	0.017000	4.753590	-0.263690	26.414000	0.060000	2.833213	-1.118030	0.000000	0.000000	0.000000	0.000000
3.773000	0.065000	2.708050	-1.223775	7.894000	0.013000	4.812184	-0.256720	15.303000	0.022000	4.948760	-0.227390	18.569000	0.017000	4.744932	-0.272348	22.479000	0.061000	2.772589	-1.178655	0.000000	0.000000	0.000000	0.000000
5.035000	0.065000	2.639057	-1.292768	7.977000	0.013000	4.804021	-0.264883	15.728000	0.022000	4.941642	-0.234507	18.572000	0.017000	4.736198	-0.281081	23.262000	0.062000	2.708050	-1.243194	0.000000	0.000000	0.000000	0.000000
5.492000	0.066000	2.564949	-1.366876	8.694000	0.013000	4.795791	-0.273114	13.236000	0.023000	4.934474	-0.241676	19.725000	0.017000	4.727388	-0.289892	24.031000	0.065000	2.639057	-1.312186	0.000000	0.000000	0.000000	0.000000
6.217000	0.073000	2.484907	-1.446919	9.643000	0.013000	4.787492	-0.281412	11.805000	0.024000	4.927254	-0.248896	20.270000	0.017000	4.718499	-0.298781	21.686000	0.072000	2.564949	-1.386294	0.000000	0.000000	0.000000	0.000000
1.489000	0.081000	2.397895	-1.533930	10.741000	0.013000	4.779123	-0.289781	12.910000	0.024000	4.919981	-0.256169	17.486000	0.018000	4.709530	-0.307750	27.377000	0.079000	2.484907	-1.466337	0.000000	0.000000	0.000000	0.000000
6.652000	0.086000	2.302585	-1.629241	7.038000	0.014000	4.770685	-0.298220	15.608000	0.024000	4.912655	-0.263495	17.048000	0.019000	4.700480	-0.316799	23.359000	0.081000	2.397895	-1.553348	0.000000	0.000000	0.000000	0.000000
6.356000	0.093000	2.197225	-1.734601	8.278000	0.014000	4.762174	-0.306730	12.138000	0.025000	4.905275	-0.270875	19.073000	0.019000	4.691348	-0.325932	21.635000	0.088000	2.302585	-1.648659	0.000000	0.000000	0.000000	0.000000
6.348000	0.123000	2.079442	-1.852384	8.717000	0.014000	4.753590	-0.315314	12.723000	0.026000	4.897840	-0.278310	19.795000	0.019000	4.682131	-0.335149	24.674000	0.092000	2.197225	-1.754019	0.000000	0.000000	0.000000	0.000000
2.496000	0.130000	1.945910	-1.985915	9.376000	0.014000	4.744932	-0.323972	14.854000	0.026000	4.890349	-0.285801	19.825000	0.020000	4.672829	-0.344451	27.548000	0.112000	2.079442	-1.871802	0.000000	0.000000	0.000000	0.000000
6.366000	0.149000	1.791759	-2.140066	7.573000	0.016000	4.736198	-0.332706	13.067000	0.027000	4.882802	-0.293348	21.132000	0.020000	4.663439	-0.353841	21.624000	0.147000	1.945910	-2.005334	0.000000	0.000000	0.000000	0.000000
2.823000	0.193000	1.609438	-2.322388	7.580000	0.016000	4.727388	-0.341516	14.361000	0.029000	4.875197	-0.300952	18.690000	0.021000	4.653960	-0.363319	23.255000	0.150000	1.791759	-2.159484	0.000000	0.000000	0.000000	0.000000
2.090000	0.212000	1.386294	-2.545531	8.069000	0.016000	4.718499	-0.350405	11.970000	0.030000	4.867534	-0.308615	16.370000	0.022000	4.644391	-0.372889	26.626000	0.159000	1.609438	-2.341806	0.000000	0.000000	0.000000	0.000000
6.135000	0.234000	1.098612	-2.833213	8.283000	0.016000	4.709530	-0.359374	12.611000	0.030000	4.859812	-0.316337	16.577000	0.022000	4.634729	-0.382551	21.404000	0.189000	1.386294	-2.564949	0.000000	0.000000	0.000000	0.000000
3.706000	0.279000	0.693147	-3.238678	8.919000	0.016000	4.700480	-0.368424	12.684000	0.030000	4.852030	-0.324119	20.197000	0.022000	4.624973	-0.392307	23.343000	0.229000	1.098612	-2.852631	0.000000	0.000000	0.000000	0.000000
5.989000	0.841000	0.000000	-3.931826	9.647000	0.016000	4.691348	-0.377556	14.510000	0.030000	4.844187	-0.331963	20.723000	0.022000	4.615121	-0.402159	22.029000	0.386000	0.693147	-3.258097	0.000000	0.000000	0.000000	0.000000
0.000000	0.000000	0.000000	0.000000	11.304000	0.016000	4.682131	-0.386773	12.737000	0.031000	4.836282	-0.339868	16.404000	0.023000	4.605170	-0.412110	22.546000	0.699000	0.000000	-3.951244	0.000000	0.000000	0.000000	0.000000
0.000000	0.000000	0.000000	0.000000	9.702000	0.017000	4.672829	-0.396075	13.584000	0.031000	4.828314	-0.347836	16.746000	0.023000	4.595120	-0.422160	0.000000	0.000000	0.000000	0.000000	0.000000	0.000000	0.000000	0.000000
0.000000	0.000000	0.000000	0.000000	9.780000	0.017000	4.663439	-0.405465	13.759000	0.032000	4.820282	-0.355868	19.127000	0.023000	4.584967	-0.432312	0.000000	0.000000	0.000000	0.000000	0.000000	0.000000	0.000000	0.000000
0.000000	0.000000	0.000000	0.000000	11.084000	0.017000	4.653960	-0.414944	14.482000	0.032000	4.812184	-0.363965	21.139000	0.023000	4.574711	-0.442569	0.000000	0.000000	0.000000	0.000000	0.000000	0.000000	0.000000	0.000000
0.000000	0.000000	0.000000	0.000000	8.770000	0.018000	4.644391	-0.424513	12.134000	0.033000	4.804021	-0.372129	16.682000	0.024000	4.564348	-0.452932	0.000000	0.000000	0.000000	0.000000	0.000000	0.000000	0.000000	0.000000
0.000000	0.000000	0.000000	0.000000	11.684000	0.018000	4.634729	-0.434175	12.804000	0.033000	4.795791	-0.380359	17.012000	0.024000	4.553877	-0.463403	0.000000	0.000000	0.000000	0.000000	0.000000	0.000000	0.000000	0.000000
0.000000	0.000000	0.000000	0.000000	8.793000	0.019000	4.624973	-0.443931	13.056000	0.033000	4.787492	-0.388658	20.126000	0.024000	4.543295	-0.473985	0.000000	0.000000	0.000000	0.000000	0.000000	0.000000	0.000000	0.000000
0.000000	0.000000	0.000000	0.000000	11.104000	0.019000	4.615121	-0.453784	13.064000	0.033000	4.779123	-0.397026	20.253000	0.024000	4.532599	-0.484680	0.000000	0.000000	0.000000	0.000000	0.000000	0.000000	0.000000	0.000000
0.000000	0.000000	0.000000	0.000000	7.553000	0.020000	4.605170	-0.463734	13.293000	0.033000	4.770685	-0.405465	19.609000	0.025000	4.521789	-0.495491	0.000000	0.000000	0.000000	0.000000	0.000000	0.000000	0.000000	0.000000
0.000000	0.000000	0.000000	0.000000	9.571000	0.020000	4.595120	-0.473784	14.780000	0.033000	4.762174	-0.413976	20.266000	0.026000	4.510860	-0.506420	0.000000	0.000000	0.000000	0.000000	0.000000	0.000000	0.000000	0.000000
0.000000	0.000000	0.000000	0.000000	10.092000	0.020000	4.584967	-0.483937	14.104000	0.034000	4.753590	-0.422560	18.349000	0.027000	4.499810	-0.517470	0.000000	0.000000	0.000000	0.000000	0.000000	0.000000	0.000000	0.000000
0.000000	0.000000	0.000000	0.000000	10.143000	0.021000	4.574711	-0.494193	14.745000	0.034000	4.744932	-0.431218	19.094000	0.027000	4.488636	-0.528643	0.000000	0.000000	0.000000	0.000000	0.000000	0.000000	0.000000	0.000000
0.000000	0.000000	0.000000	0.000000	10.321000	0.021000	4.564348	-0.504556	12.090000	0.035000	4.736198	-0.439951	19.151000	0.027000	4.477337	-0.539943	0.000000	0.000000	0.000000	0.000000	0.000000	0.000000	0.000000	0.000000
0.000000	0.000000	0.000000	0.000000	10.719000	0.021000	4.553877	-0.515027	13.371000	0.035000	4.727388	-0.448762	19.821000	0.027000	4.465908	-0.551372	0.000000	0.000000	0.000000	0.000000	0.000000	0.000000	0.000000	0.000000
0.000000	0.000000	0.000000	0.000000	9.256000	0.022000	4.543295	-0.525609	13.652000	0.036000	4.718499	-0.457651	19.906000	0.027000	4.454347	-0.562933	0.000000	0.000000	0.000000	0.000000	0.000000	0.000000	0.000000	0.000000
0.000000	0.000000	0.000000	0.000000	10.161000	0.022000	4.532599	-0.536305	14.459000	0.036000	4.709530	-0.466620	20.092000	0.027000	4.442651	-0.574629	0.000000	0.000000	0.000000	0.000000	0.000000	0.000000	0.000000	0.000000
0.000000	0.000000	0.000000	0.000000	8.424000	0.023000	4.521789	-0.547116	13.242000	0.038000	4.700480	-0.475669	20.220000	0.027000	4.430817	-0.586463	0.000000	0.000000	0.000000	0.000000	0.000000	0.000000	0.000000	0.000000
0.000000	0.000000	0.000000	0.000000	10.606000	0.023000	4.510860	-0.558045	14.181000	0.038000	4.691348	-0.484802	16.475000	0.028000	4.418841	-0.598439	0.000000	0.000000	0.000000	0.000000	0.000000	0.000000	0.000000	0.000000
0.000000	0.000000	0.000000	0.000000	8.200000	0.024000	4.499810	-0.569095	13.550000	0.039000	4.682131	-0.494019	17.068000	0.028000	4.406719	-0.610561	0.000000	0.000000	0.000000	0.000000	0.000000	0.000000	0.000000	0.000000
0.000000	0.000000	0.000000	0.000000	7.188000	0.025000	4.488636	-0.580268	14.183000	0.039000	4.672829	-0.503321	17.857000	0.028000	4.394449	-0.622831	0.000000	0.000000	0.000000	0.000000	0.000000	0.000000	0.000000	0.000000
0.000000	0.000000	0.000000	0.000000	9.704000	0.025000	4.477337	-0.591567	15.595000	0.039000	4.663439	-0.512711	17.894000	0.031000	4.382027	-0.635253	0.000000	0.000000	0.000000	0.000000	0.000000	0.000000	0.000000	0.000000
0.000000	0.000000	0.000000	0.000000	9.961000	0.025000	4.465908	-0.602996	13.906000	0.040000	4.653960	-0.522189	18.119000	0.032000	4.369448	-0.647832	0.000000	0.000000	0.000000	0.000000	0.000000	0.000000	0.000000	0.000000
0.000000	0.000000	0.000000	0.000000	10.050000	0.025000	4.454347	-0.614557	13.714000	0.041000	4.644391	-0.531759	20.772000	0.032000	4.356709	-0.660571	0.000000	0.000000	0.000000	0.000000	0.000000	0.000000	0.000000	0.000000
0.000000	0.000000	0.000000	0.000000	10.860000	0.025000	4.442651	-0.626253	13.808000	0.041000	4.634729	-0.541421	16.543000	0.034000	4.343805	-0.673474	0.000000	0.000000	0.000000	0.000000	0.000000	0.000000	0.000000	0.000000
0.000000	0.000000	0.000000	0.000000	9.016000	0.026000	4.430817	-0.638087	13.663000	0.043000	4.624973	-0.551177	20.817000	0.034000	4.330733	-0.686546	0.000000	0.000000	0.000000	0.000000	0.000000	0.000000	0.000000	0.000000
0.000000	0.000000	0.000000	0.000000	7.070000	0.027000	4.418841	-0.650064	14.117000	0.043000	4.615121	-0.561029	16.217000	0.035000	4.317488	-0.699792	0.000000	0.000000	0.000000	0.000000	0.000000	0.000000	0.000000	0.000000
0.000000	0.000000	0.000000	0.000000	8.643000	0.029000	4.406719	-0.662185	11.894000	0.046000	4.605170	-0.570980	16.144000	0.036000	4.304065	-0.713215	0.000000	0.000000	0.000000	0.000000	0.000000	0.000000	0.000000	0.000000
0.000000	0.000000	0.000000	0.000000	8.839000	0.029000	4.394449	-0.674455	12.700000	0.046000	4.595120	-0.581030	18.297000	0.037000	4.290459	-0.726820	0.000000	0.000000	0.000000	0.000000	0.000000	0.000000	0.000000	0.000000
0.000000	0.000000	0.000000	0.000000	9.349000	0.030000	4.382027	-0.686878	12.925000	0.046000	4.584967	-0.591182	20.420000	0.037000	4.276666	-0.740614	0.000000	0.000000	0.000000	0.000000	0.000000	0.000000	0.000000	0.000000
0.000000	0.000000	0.000000	0.000000	7.971000	0.032000	4.369448	-0.699456	16.057000	0.046000	4.574711	-0.601439	20.611000	0.037000	4.262680	-0.754600	0.000000	0.000000	0.000000	0.000000	0.000000	0.000000	0.000000	0.000000
0.000000	0.000000	0.000000	0.000000	10.655000	0.033000	4.356709	-0.712195	14.637000	0.047000	4.564348	-0.611802	16.210000	0.038000	4.248495	-0.768785	0.000000	0.000000	0.000000	0.000000	0.000000	0.000000	0.000000	0.000000
0.000000	0.000000	0.000000	0.000000	10.897000	0.033000	4.343805	-0.725099	12.549000	0.048000	4.553877	-0.622273	20.466000	0.038000	4.234107	-0.783173	0.000000	0.000000	0.000000	0.000000	0.000000	0.000000	0.000000	0.000000
0.000000	0.000000	0.000000	0.000000	10.916000	0.033000	4.330733	-0.738171	14.067000	0.048000	4.543295	-0.632855	20.587000	0.038000	4.219508	-0.797772	0.000000	0.000000	0.000000	0.000000	0.000000	0.000000	0.000000	0.000000
0.000000	0.000000	0.000000	0.000000	11.042000	0.033000	4.317488	-0.751416	13.035000	0.049000	4.532599	-0.643550	17.977000	0.039000	4.204693	-0.812587	0.000000	0.000000	0.000000	0.000000	0.000000	0.000000	0.000000	0.000000
0.000000	0.000000	0.000000	0.000000	10.358000	0.034000	4.304065	-0.764839	15.473000	0.049000	4.521789	-0.654361	18.533000	0.039000	4.189655	-0.827625	0.000000	0.000000	0.000000	0.000000	0.000000	0.000000	0.000000	0.000000
0.000000	0.000000	0.000000	0.000000	9.679000	0.035000	4.290459	-0.778445	15.392000	0.050000	4.510860	-0.665290	19.163000	0.039000	4.174387	-0.842893	0.000000	0.000000	0.000000	0.000000	0.000000	0.000000	0.000000	0.000000
0.000000	0.000000	0.000000	0.000000	11.082000	0.036000	4.276666	-0.792238	14.873000	0.052000	4.499810	-0.676340	16.372000	0.040000	4.158883	-0.858397	0.000000	0.000000	0.000000	0.000000	0.000000	0.000000	0.000000	0.000000
0.000000	0.000000	0.000000	0.000000	9.018000	0.039000	4.262680	-0.806224	15.283000	0.052000	4.488636	-0.687513	18.949000	0.040000	4.143135	-0.874145	0.000000	0.000000	0.000000	0.000000	0.000000	0.000000	0.000000	0.000000
0.000000	0.000000	0.000000	0.000000	11.519000	0.040000	4.248495	-0.820409	11.933000	0.053000	4.477337	-0.698813	18.189000	0.041000	4.127134	-0.890145	0.000000	0.000000	0.000000	0.000000	0.000000	0.000000	0.000000	0.000000
0.000000	0.000000	0.000000	0.000000	9.299000	0.041000	4.234107	-0.834798	11.993000	0.055000	4.465908	-0.710242	16.682000	0.043000	4.110874	-0.906406	0.000000	0.000000	0.000000	0.000000	0.000000	0.000000	0.000000	0.000000
0.000000	0.000000	0.000000	0.000000	10.073000	0.041000	4.219508	-0.849396	15.130000	0.057000	4.454347	-0.721802	17.919000	0.043000	4.094345	-0.922935	0.000000	0.000000	0.000000	0.000000	0.000000	0.000000	0.000000	0.000000
0.000000	0.000000	0.000000	0.000000	7.870000	0.043000	4.204693	-0.864212	13.092000	0.058000	4.442651	-0.733498	19.792000	0.043000	4.077537	-0.939742	0.000000	0.000000	0.000000	0.000000	0.000000	0.000000	0.000000	0.000000
0.000000	0.000000	0.000000	0.000000	11.530000	0.043000	4.189655	-0.879249	12.032000	0.060000	4.430817	-0.745333	16.426000	0.044000	4.060443	-0.956837	0.000000	0.000000	0.000000	0.000000	0.000000	0.000000	0.000000	0.000000
0.000000	0.000000	0.000000	0.000000	10.337000	0.047000	4.174387	-0.894517	13.931000	0.060000	4.418841	-0.757309	17.529000	0.047000	4.043051	-0.974229	0.000000	0.000000	0.000000	0.000000	0.000000	0.000000	0.000000	0.000000
0.000000	0.000000	0.000000	0.000000	7.319000	0.050000	4.158883	-0.910021	15.998000	0.060000	4.406719	-0.769430	17.785000	0.047000	4.025352	-0.991928	0.000000	0.000000	0.000000	0.000000	0.000000	0.000000	0.000000	0.000000
0.000000	0.000000	0.000000	0.000000	10.986000	0.051000	4.143135	-0.925769	11.844000	0.061000	4.394449	-0.781701	16.636000	0.048000	4.007333	-1.009947	0.000000	0.000000	0.000000	0.000000	0.000000	0.000000	0.000000	0.000000
0.000000	0.000000	0.000000	0.000000	10.966000	0.052000	4.127134	-0.941770	14.657000	0.063000	4.382027	-0.794123	16.768000	0.049000	3.988984	-1.028296	0.000000	0.000000	0.000000	0.000000	0.000000	0.000000	0.000000	0.000000
0.000000	0.000000	0.000000	0.000000	8.270000	0.053000	4.110874	-0.958030	14.068000	0.064000	4.369448	-0.806702	18.568000	0.051000	3.970292	-1.046988	0.000000	0.000000	0.000000	0.000000	0.000000	0.000000	0.000000	0.000000
0.000000	0.000000	0.000000	0.000000	10.655000	0.053000	4.094345	-0.974560	13.893000	0.066000	4.356709	-0.819441	17.211000	0.052000	3.951244	-1.066036	0.000000	0.000000	0.000000	0.000000	0.000000	0.000000	0.000000	0.000000
0.000000	0.000000	0.000000	0.000000	8.749000	0.059000	4.077537	-0.991367	13.143000	0.067000	4.343805	-0.832344	18.783000	0.053000	3.931826	-1.085454	0.000000	0.000000	0.000000	0.000000	0.000000	0.000000	0.000000	0.000000
0.000000	0.000000	0.000000	0.000000	10.278000	0.060000	4.060443	-1.008461	13.390000	0.067000	4.330733	-0.845416	17.390000	0.054000	3.912023	-1.105257	0.000000	0.000000	0.000000	0.000000	0.000000	0.000000	0.000000	0.000000
0.000000	0.000000	0.000000	0.000000	11.349000	0.060000	4.043051	-1.025853	13.562000	0.068000	4.317488	-0.858662	17.274000	0.055000	3.891820	-1.125460	0.000000	0.000000	0.000000	0.000000	0.000000	0.000000	0.000000	0.000000
0.000000	0.000000	0.000000	0.000000	9.860000	0.065000	4.025352	-1.043553	13.638000	0.068000	4.304065	-0.872085	18.885000	0.058000	3.871201	-1.146079	0.000000	0.000000	0.000000	0.000000	0.000000	0.000000	0.000000	0.000000
0.000000	0.000000	0.000000	0.000000	10.298000	0.065000	4.007333	-1.061571	16.013000	0.076000	4.290459	-0.885690	19.415000	0.059000	3.850148	-1.167132	0.000000	0.000000	0.000000	0.000000	0.000000	0.000000	0.000000	0.000000
0.000000	0.000000	0.000000	0.000000	11.089000	0.067000	3.988984	-1.079920	15.945000	0.077000	4.276666	-0.899484	17.789000	0.063000	3.828641	-1.188638	0.000000	0.000000	0.000000	0.000000	0.000000	0.000000	0.000000	0.000000
0.000000	0.000000	0.000000	0.000000	11.257000	0.067000	3.970292	-1.098612	12.148000	0.078000	4.262680	-0.913470	18.382000	0.063000	3.806662	-1.210617	0.000000	0.000000	0.000000	0.000000	0.000000	0.000000	0.000000	0.000000
0.000000	0.000000	0.000000	0.000000	10.906000	0.068000	3.951244	-1.117660	15.189000	0.081000	4.248495	-0.927654	18.422000	0.068000	3.784190	-1.233090	0.000000	0.000000	0.000000	0.000000	0.000000	0.000000	0.000000	0.000000
0.000000	0.000000	0.000000	0.000000	9.550000	0.070000	3.931826	-1.137079	13.261000	0.084000	4.234107	-0.942043	20.132000	0.068000	3.761200	-1.256080	0.000000	0.000000	0.000000	0.000000	0.000000	0.000000	0.000000	0.000000
0.000000	0.000000	0.000000	0.000000	11.625000	0.070000	3.912023	-1.156881	16.044000	0.087000	4.219508	-0.956642	20.262000	0.069000	3.737670	-1.279610	0.000000	0.000000	0.000000	0.000000	0.000000	0.000000	0.000000	0.000000
0.000000	0.000000	0.000000	0.000000	8.360000	0.073000	3.891820	-1.177084	14.760000	0.088000	4.204693	-0.971457	19.647000	0.070000	3.713572	-1.303708	0.000000	0.000000	0.000000	0.000000	0.000000	0.000000	0.000000	0.000000
0.000000	0.000000	0.000000	0.000000	11.691000	0.074000	3.871201	-1.197703	12.181000	0.090000	4.189655	-0.986495	20.459000	0.070000	3.688879	-1.328400	0.000000	0.000000	0.000000	0.000000	0.000000	0.000000	0.000000	0.000000
0.000000	0.000000	0.000000	0.000000	9.369000	0.077000	3.850148	-1.218757	15.204000	0.092000	4.174387	-1.001762	18.222000	0.072000	3.663562	-1.353718	0.000000	0.000000	0.000000	0.000000	0.000000	0.000000	0.000000	0.000000
0.000000	0.000000	0.000000	0.000000	8.056000	0.078000	3.828641	-1.240263	14.040000	0.094000	4.158883	-1.017267	18.343000	0.072000	3.637586	-1.379694	0.000000	0.000000	0.000000	0.000000	0.000000	0.000000	0.000000	0.000000
0.000000	0.000000	0.000000	0.000000	10.226000	0.085000	3.806662	-1.262242	15.460000	0.096000	4.143135	-1.033015	17.467000	0.078000	3.610918	-1.406362	0.000000	0.000000	0.000000	0.000000	0.000000	0.000000	0.000000	0.000000
0.000000	0.000000	0.000000	0.000000	11.298000	0.092000	3.784190	-1.284715	15.770000	0.096000	4.127134	-1.049015	16.528000	0.087000	3.583519	-1.433761	0.000000	0.000000	0.000000	0.000000	0.000000	0.000000	0.000000	0.000000
0.000000	0.000000	0.000000	0.000000	10.151000	0.094000	3.761200	-1.307704	13.041000	0.099000	4.110874	-1.065276	16.545000	0.087000	3.555348	-1.461932	0.000000	0.000000	0.000000	0.000000	0.000000	0.000000	0.000000	0.000000
0.000000	0.000000	0.000000	0.000000	11.366000	0.095000	3.737670	-1.331235	14.903000	0.100000	4.094345	-1.081805	16.944000	0.087000	3.526361	-1.490919	0.000000	0.000000	0.000000	0.000000	0.000000	0.000000	0.000000	0.000000
0.000000	0.000000	0.000000	0.000000	7.490000	0.098000	3.713572	-1.355332	13.060000	0.102000	4.077537	-1.098612	17.348000	0.091000	3.496508	-1.520772	0.000000	0.000000	0.000000	0.000000	0.000000	0.000000	0.000000	0.000000
0.000000	0.000000	0.000000	0.000000	9.843000	0.100000	3.688879	-1.380025	14.594000	0.106000	4.060443	-1.115707	16.659000	0.092000	3.465736	-1.551544	0.000000	0.000000	0.000000	0.000000	0.000000	0.000000	0.000000	0.000000
0.000000	0.000000	0.000000	0.000000	10.502000	0.101000	3.663562	-1.405343	12.296000	0.107000	4.043051	-1.133098	17.819000	0.099000	3.433987	-1.583293	0.000000	0.000000	0.000000	0.000000	0.000000	0.000000	0.000000	0.000000
0.000000	0.000000	0.000000	0.000000	8.018000	0.104000	3.637586	-1.431318	14.402000	0.118000	4.025352	-1.150798	18.758000	0.099000	3.401197	-1.616082	0.000000	0.000000	0.000000	0.000000	0.000000	0.000000	0.000000	0.000000
0.000000	0.000000	0.000000	0.000000	10.751000	0.108000	3.610918	-1.457986	15.206000	0.118000	4.007333	-1.168817	17.356000	0.101000	3.367296	-1.649984	0.000000	0.000000	0.000000	0.000000	0.000000	0.000000	0.000000	0.000000
0.000000	0.000000	0.000000	0.000000	10.717000	0.111000	3.583519	-1.485385	15.728000	0.121000	3.988984	-1.187166	16.136000	0.103000	3.332205	-1.685075	0.000000	0.000000	0.000000	0.000000	0.000000	0.000000	0.000000	0.000000
0.000000	0.000000	0.000000	0.000000	10.111000	0.112000	3.555348	-1.513556	14.461000	0.122000	3.970292	-1.205858	16.594000	0.104000	3.295837	-1.721443	0.000000	0.000000	0.000000	0.000000	0.000000	0.000000	0.000000	0.000000
0.000000	0.000000	0.000000	0.000000	10.444000	0.121000	3.526361	-1.542544	13.276000	0.123000	3.951244	-1.224906	17.074000	0.108000	3.258097	-1.759183	0.000000	0.000000	0.000000	0.000000	0.000000	0.000000	0.000000	0.000000
0.000000	0.000000	0.000000	0.000000	7.096000	0.124000	3.496508	-1.572397	13.334000	0.123000	3.931826	-1.244324	16.924000	0.116000	3.218876	-1.798404	0.000000	0.000000	0.000000	0.000000	0.000000	0.000000	0.000000	0.000000
0.000000	0.000000	0.000000	0.000000	8.458000	0.128000	3.465736	-1.603168	12.038000	0.127000	3.912023	-1.264127	18.609000	0.119000	3.178054	-1.839226	0.000000	0.000000	0.000000	0.000000	0.000000	0.000000	0.000000	0.000000
0.000000	0.000000	0.000000	0.000000	11.583000	0.132000	3.433987	-1.634917	12.783000	0.127000	3.891820	-1.284329	19.014000	0.123000	3.135494	-1.881786	0.000000	0.000000	0.000000	0.000000	0.000000	0.000000	0.000000	0.000000
0.000000	0.000000	0.000000	0.000000	9.538000	0.140000	3.401197	-1.667707	12.867000	0.128000	3.871201	-1.304949	16.912000	0.142000	3.091042	-1.926237	0.000000	0.000000	0.000000	0.000000	0.000000	0.000000	0.000000	0.000000
0.000000	0.000000	0.000000	0.000000	10.329000	0.141000	3.367296	-1.701608	14.087000	0.129000	3.850148	-1.326002	16.677000	0.148000	3.044522	-1.972757	0.000000	0.000000	0.000000	0.000000	0.000000	0.000000	0.000000	0.000000
0.000000	0.000000	0.000000	0.000000	9.891000	0.144000	3.332205	-1.736700	13.955000	0.132000	3.828641	-1.347508	19.891000	0.148000	2.995732	-2.021548	0.000000	0.000000	0.000000	0.000000	0.000000	0.000000	0.000000	0.000000
0.000000	0.000000	0.000000	0.000000	11.003000	0.147000	3.295837	-1.773067	12.667000	0.133000	3.806662	-1.369487	18.317000	0.149000	2.944439	-2.072841	0.000000	0.000000	0.000000	0.000000	0.000000	0.000000	0.000000	0.000000
0.000000	0.000000	0.000000	0.000000	11.157000	0.147000	3.258097	-1.810808	14.693000	0.137000	3.784190	-1.391960	16.568000	0.162000	2.890372	-2.126908	0.000000	0.000000	0.000000	0.000000	0.000000	0.000000	0.000000	0.000000
0.000000	0.000000	0.000000	0.000000	10.378000	0.151000	3.218876	-1.850028	12.105000	0.139000	3.761200	-1.414950	17.995000	0.166000	2.833213	-2.184066	0.000000	0.000000	0.000000	0.000000	0.000000	0.000000	0.000000	0.000000
0.000000	0.000000	0.000000	0.000000	9.203000	0.159000	3.178054	-1.890850	12.575000	0.143000	3.737670	-1.438480	16.532000	0.201000	2.772589	-2.244691	0.000000	0.000000	0.000000	0.000000	0.000000	0.000000	0.000000	0.000000
0.000000	0.000000	0.000000	0.000000	7.194000	0.160000	3.135494	-1.933410	11.915000	0.154000	3.713572	-1.462578	20.099000	0.204000	2.708050	-2.309230	0.000000	0.000000	0.000000	0.000000	0.000000	0.000000	0.000000	0.000000
0.000000	0.000000	0.000000	0.000000	8.601000	0.162000	3.091042	-1.977862	15.988000	0.154000	3.688879	-1.487270	20.879000	0.297000	2.639057	-2.378223	0.000000	0.000000	0.000000	0.000000	0.000000	0.000000	0.000000	0.000000
0.000000	0.000000	0.000000	0.000000	11.688000	0.163000	3.044522	-2.024382	13.455000	0.162000	3.663562	-1.512588	18.455000	0.301000	2.564949	-2.452330	0.000000	0.000000	0.000000	0.000000	0.000000	0.000000	0.000000	0.000000
0.000000	0.000000	0.000000	0.000000	9.288000	0.169000	2.995732	-2.073172	13.941000	0.163000	3.637586	-1.538564	17.589000	0.305000	2.484907	-2.532373	0.000000	0.000000	0.000000	0.000000	0.000000	0.000000	0.000000	0.000000
0.000000	0.000000	0.000000	0.000000	8.369000	0.171000	2.944439	-2.124465	15.009000	0.166000	3.610918	-1.565232	20.163000	0.312000	2.397895	-2.619385	0.000000	0.000000	0.000000	0.000000	0.000000	0.000000	0.000000	0.000000
0.000000	0.000000	0.000000	0.000000	9.532000	0.173000	2.890372	-2.178532	14.514000	0.171000	3.583519	-1.592631	19.836000	0.323000	2.302585	-2.714695	0.000000	0.000000	0.000000	0.000000	0.000000	0.000000	0.000000	0.000000
0.000000	0.000000	0.000000	0.000000	11.064000	0.180000	2.833213	-2.235691	12.184000	0.177000	3.555348	-1.620802	16.294000	0.351000	2.197225	-2.820055	0.000000	0.000000	0.000000	0.000000	0.000000	0.000000	0.000000	0.000000
0.000000	0.000000	0.000000	0.000000	7.998000	0.215000	2.772589	-2.296315	13.025000	0.177000	3.526361	-1.649789	16.336000	0.404000	2.079442	-2.937838	0.000000	0.000000	0.000000	0.000000	0.000000	0.000000	0.000000	0.000000
0.000000	0.000000	0.000000	0.000000	8.278000	0.236000	2.708050	-2.360854	14.043000	0.181000	3.496508	-1.679642	20.478000	0.405000	1.945910	-3.071370	0.000000	0.000000	0.000000	0.000000	0.000000	0.000000	0.000000	0.000000
0.000000	0.000000	0.000000	0.000000	7.692000	0.265000	2.639057	-2.429847	14.179000	0.184000	3.465736	-1.710414	17.474000	0.434000	1.791759	-3.225520	0.000000	0.000000	0.000000	0.000000	0.000000	0.000000	0.000000	0.000000
0.000000	0.000000	0.000000	0.000000	9.436000	0.266000	2.564949	-2.503955	15.877000	0.185000	3.433987	-1.742163	19.016000	0.567000	1.609438	-3.407842	0.000000	0.000000	0.000000	0.000000	0.000000	0.000000	0.000000	0.000000
0.000000	0.000000	0.000000	0.000000	11.328000	0.336000	2.484907	-2.583998	14.509000	0.187000	3.401197	-1.774952	16.731000	0.812000	1.386294	-3.630985	0.000000	0.000000	0.000000	0.000000	0.000000	0.000000	0.000000	0.000000
0.000000	0.000000	0.000000	0.000000	9.692000	0.372000	2.397895	-2.671009	14.880000	0.188000	3.367296	-1.808854	17.343000	2.940000	1.098612	-3.918668	0.000000	0.000000	0.000000	0.000000	0.000000	0.000000	0.000000	0.000000
0.000000	0.000000	0.000000	0.000000	7.446000	0.409000	2.302585	-2.766319	15.823000	0.196000	3.332205	-1.843945	20.009000	3.083000	0.693147	-4.324133	0.000000	0.000000	0.000000	0.000000	0.000000	0.000000	0.000000	0.000000
0.000000	0.000000	0.000000	0.000000	8.521000	0.465000	2.197225	-2.871680	12.846000	0.199000	3.295837	-1.880313	19.000000	4.654000	0.000000	-5.017280	0.000000	0.000000	0.000000	0.000000	0.000000	0.000000	0.000000	0.000000
0.000000	0.000000	0.000000	0.000000	8.794000	0.502000	2.079442	-2.989463	15.027000	0.221000	3.258097	-1.918053	0.000000	0.000000	0.000000	0.000000	0.000000	0.000000	0.000000	0.000000	0.000000	0.000000	0.000000	0.000000
0.000000	0.000000	0.000000	0.000000	9.743000	0.554000	1.945910	-3.122994	15.499000	0.223000	3.218876	-1.957274	0.000000	0.000000	0.000000	0.000000	0.000000	0.000000	0.000000	0.000000	0.000000	0.000000	0.000000	0.000000
0.000000	0.000000	0.000000	0.000000	10.834000	0.585000	1.791759	-3.277145	12.884000	0.225000	3.178054	-1.998096	0.000000	0.000000	0.000000	0.000000	0.000000	0.000000	0.000000	0.000000	0.000000	0.000000	0.000000	0.000000
0.000000	0.000000	0.000000	0.000000	11.321000	0.591000	1.609438	-3.459466	14.580000	0.227000	3.135494	-2.040656	0.000000	0.000000	0.000000	0.000000	0.000000	0.000000	0.000000	0.000000	0.000000	0.000000	0.000000	0.000000
0.000000	0.000000	0.000000	0.000000	7.511000	0.739000	1.386294	-3.682610	15.186000	0.241000	3.091042	-2.085107	0.000000	0.000000	0.000000	0.000000	0.000000	0.000000	0.000000	0.000000	0.000000	0.000000	0.000000	0.000000
0.000000	0.000000	0.000000	0.000000	7.736000	1.038000	1.098612	-3.970292	14.214000	0.242000	3.044522	-2.131627	0.000000	0.000000	0.000000	0.000000	0.000000	0.000000	0.000000	0.000000	0.000000	0.000000	0.000000	0.000000
0.000000	0.000000	0.000000	0.000000	10.095000	2.095000	0.693147	-4.375757	13.950000	0.272000	2.995732	-2.180417	0.000000	0.000000	0.000000	0.000000	0.000000	0.000000	0.000000	0.000000	0.000000	0.000000	0.000000	0.000000
0.000000	0.000000	0.000000	0.000000	8.577000	3.049000	0.000000	-5.068904	15.794000	0.283000	2.944439	-2.231711	0.000000	0.000000	0.000000	0.000000	0.000000	0.000000	0.000000	0.000000	0.000000	0.000000	0.000000	0.000000
0.000000	0.000000	0.000000	0.000000	0.000000	0.000000	0.000000	0.000000	15.072000	0.319000	2.890372	-2.285778	0.000000	0.000000	0.000000	0.000000	0.000000	0.000000	0.000000	0.000000	0.000000	0.000000	0.000000	0.000000
0.000000	0.000000	0.000000	0.000000	0.000000	0.000000	0.000000	0.000000	13.968000	0.322000	2.833213	-2.342936	0.000000	0.000000	0.000000	0.000000	0.000000	0.000000	0.000000	0.000000	0.000000	0.000000	0.000000	0.000000
0.000000	0.000000	0.000000	0.000000	0.000000	0.000000	0.000000	0.000000	14.006000	0.329000	2.772589	-2.403561	0.000000	0.000000	0.000000	0.000000	0.000000	0.000000	0.000000	0.000000	0.000000	0.000000	0.000000	0.000000
0.000000	0.000000	0.000000	0.000000	0.000000	0.000000	0.000000	0.000000	15.787000	0.360000	2.708050	-2.468100	0.000000	0.000000	0.000000	0.000000	0.000000	0.000000	0.000000	0.000000	0.000000	0.000000	0.000000	0.000000
0.000000	0.000000	0.000000	0.000000	0.000000	0.000000	0.000000	0.000000	13.635000	0.380000	2.639057	-2.537092	0.000000	0.000000	0.000000	0.000000	0.000000	0.000000	0.000000	0.000000	0.000000	0.000000	0.000000	0.000000
0.000000	0.000000	0.000000	0.000000	0.000000	0.000000	0.000000	0.000000	13.811000	0.464000	2.564949	-2.611200	0.000000	0.000000	0.000000	0.000000	0.000000	0.000000	0.000000	0.000000	0.000000	0.000000	0.000000	0.000000
0.000000	0.000000	0.000000	0.000000	0.000000	0.000000	0.000000	0.000000	12.868000	0.527000	2.484907	-2.691243	0.000000	0.000000	0.000000	0.000000	0.000000	0.000000	0.000000	0.000000	0.000000	0.000000	0.000000	0.000000
0.000000	0.000000	0.000000	0.000000	0.000000	0.000000	0.000000	0.000000	15.939000	0.545000	2.397895	-2.778254	0.000000	0.000000	0.000000	0.000000	0.000000	0.000000	0.000000	0.000000	0.000000	0.000000	0.000000	0.000000
0.000000	0.000000	0.000000	0.000000	0.000000	0.000000	0.000000	0.000000	12.333000	0.550000	2.302585	-2.873565	0.000000	0.000000	0.000000	0.000000	0.000000	0.000000	0.000000	0.000000	0.000000	0.000000	0.000000	0.000000
0.000000	0.000000	0.000000	0.000000	0.000000	0.000000	0.000000	0.000000	13.389000	0.596000	2.197225	-2.978925	0.000000	0.000000	0.000000	0.000000	0.000000	0.000000	0.000000	0.000000	0.000000	0.000000	0.000000	0.000000
0.000000	0.000000	0.000000	0.000000	0.000000	0.000000	0.000000	0.000000	12.885000	0.677000	2.079442	-3.096708	0.000000	0.000000	0.000000	0.000000	0.000000	0.000000	0.000000	0.000000	0.000000	0.000000	0.000000	0.000000
0.000000	0.000000	0.000000	0.000000	0.000000	0.000000	0.000000	0.000000	12.110000	0.678000	1.945910	-3.230240	0.000000	0.000000	0.000000	0.000000	0.000000	0.000000	0.000000	0.000000	0.000000	0.000000	0.000000	0.000000
0.000000	0.000000	0.000000	0.000000	0.000000	0.000000	0.000000	0.000000	11.976000	0.723000	1.791759	-3.384390	0.000000	0.000000	0.000000	0.000000	0.000000	0.000000	0.000000	0.000000	0.000000	0.000000	0.000000	0.000000
0.000000	0.000000	0.000000	0.000000	0.000000	0.000000	0.000000	0.000000	14.059000	0.797000	1.609438	-3.566712	0.000000	0.000000	0.000000	0.000000	0.000000	0.000000	0.000000	0.000000	0.000000	0.000000	0.000000	0.000000
0.000000	0.000000	0.000000	0.000000	0.000000	0.000000	0.000000	0.000000	14.015000	1.381000	1.386294	-3.789855	0.000000	0.000000	0.000000	0.000000	0.000000	0.000000	0.000000	0.000000	0.000000	0.000000	0.000000	0.000000
0.000000	0.000000	0.000000	0.000000	0.000000	0.000000	0.000000	0.000000	15.115000	2.097000	1.098612	-4.077537	0.000000	0.000000	0.000000	0.000000	0.000000	0.000000	0.000000	0.000000	0.000000	0.000000	0.000000	0.000000
0.000000	0.000000	0.000000	0.000000	0.000000	0.000000	0.000000	0.000000	13.896000	2.162000	0.693147	-4.483003	0.000000	0.000000	0.000000	0.000000	0.000000	0.000000	0.000000	0.000000	0.000000	0.000000	0.000000	0.000000
0.000000	0.000000	0.000000	0.000000	0.000000	0.000000	0.000000	0.000000	12.480000	5.771000	0.000000	-5.176150	0.000000	0.000000	0.000000	0.000000	0.000000	0.000000	0.000000	0.000000	0.000000	0.000000	0.000000	0.000000
